1 0.395970703125 0.998046875 0.526455078125 0.956349609375 0.4364375 0.6861796875 0.038677734375 0.79136328125 0.070599609375 0.998046875 0.395970703125 0.998046875
0 0.0859375 0.8515625 0.0859375 0.818359375 0.07421875 0.814453125 0.072265625 0.828125 0.0859375 0.8515625
0 0.099609375 0.982421875 0.115234375 0.97265625 0.10546875 0.927734375 0.09375 0.931640625 0.099609375 0.982421875
0 0.083984375 0.919921875 0.099609375 0.919921875 0.095703125 0.861328125 0.078125 0.859375 0.07421875 0.87109375 0.083984375 0.919921875
0 0.4375 0.947265625 0.443359375 0.953125 0.4453125 0.953125 0.44921875 0.94921875 0.455078125 0.947265625 0.46484375 0.9375 0.466796875 0.9375 0.470703125 0.93359375 0.470703125 0.931640625 0.46875 0.9296875 0.466796875 0.91796875 0.4609375 0.90625 0.455078125 0.900390625 0.455078125 0.8984375 0.451171875 0.8984375 0.44921875 0.900390625 0.439453125 0.900390625 0.439453125 0.90234375 0.435546875 0.904296875 0.431640625 0.927734375 0.4375 0.947265625
0 0.251953125 0.896484375 0.255859375 0.90625 0.259765625 0.91015625 0.267578125 0.9140625 0.271484375 0.912109375 0.2734375 0.90625 0.2734375 0.89453125 0.26953125 0.88671875 0.265625 0.8828125 0.25390625 0.8828125 0.251953125 0.884765625 0.251953125 0.896484375
0 0.28125 0.970703125 0.283203125 0.9765625 0.287109375 0.98046875 0.296875 0.98046875 0.298828125 0.978515625 0.298828125 0.974609375 0.294921875 0.966796875 0.291015625 0.962890625 0.28125 0.962890625 0.28125 0.970703125
0 0.384765625 0.82421875 0.392578125 0.833984375 0.396484375 0.830078125 0.40234375 0.828125 0.41015625 0.8203125 0.41015625 0.810546875 0.40625 0.806640625 0.40234375 0.806640625 0.400390625 0.80859375 0.388671875 0.80859375 0.384765625 0.810546875 0.384765625 0.82421875
0 0.42578125 0.892578125 0.42578125 0.89453125 0.4375 0.89453125 0.439453125 0.892578125 0.4453125 0.892578125 0.453125 0.88671875 0.453125 0.876953125 0.44921875 0.869140625 0.4453125 0.8671875 0.4375 0.8671875 0.43359375 0.87109375 0.431640625 0.87109375 0.423828125 0.880859375 0.421875 0.888671875 0.42578125 0.892578125
0 0.396484375 0.943359375 0.40234375 0.947265625 0.40234375 0.94921875 0.41796875 0.955078125 0.41796875 0.9375 0.4140625 0.93359375 0.4140625 0.931640625 0.412109375 0.931640625 0.408203125 0.92578125 0.40234375 0.92578125 0.396484375 0.931640625 0.39453125 0.9375 0.396484375 0.943359375
0 0.3359375 0.9453125 0.34375 0.9609375 0.34765625 0.9609375 0.357421875 0.95703125 0.357421875 0.947265625 0.3515625 0.931640625 0.34375 0.9296875 0.3359375 0.93359375 0.3359375 0.9453125
0 0.361328125 0.935546875 0.369140625 0.951171875 0.375 0.951171875 0.380859375 0.9453125 0.380859375 0.931640625 0.376953125 0.923828125 0.365234375 0.923828125 0.361328125 0.927734375 0.361328125 0.935546875
0 0.30859375 0.966796875 0.310546875 0.96875 0.310546875 0.974609375 0.3125 0.9765625 0.31640625 0.9765625 0.328125 0.970703125 0.328125 0.9609375 0.3203125 0.951171875 0.3203125 0.94921875 0.31640625 0.947265625 0.30859375 0.951171875 0.30859375 0.966796875
0 0.294921875 0.916015625 0.298828125 0.921875 0.298828125 0.927734375 0.30078125 0.9296875 0.3046875 0.9296875 0.306640625 0.927734375 0.314453125 0.927734375 0.31640625 0.92578125 0.31640625 0.91796875 0.314453125 0.916015625 0.314453125 0.91015625 0.310546875 0.90234375 0.294921875 0.90234375 0.294921875 0.916015625
0 0.231134765625 0.951193359375 0.226837890625 0.92355859375 0.221611328125 0.897859375 0.211447265625 0.90449609375 0.2162890625 0.954634765625 0.231134765625 0.951193359375
0 0.186662109375 0.957458984375 0.197716796875 0.959625 0.19391796875 0.933703125 0.18096875 0.912115234375 0.179888671875 0.931724609375 0.186662109375 0.957458984375
0 0.3320703125 0.924408203125 0.344763671875 0.921767578125 0.342177734375 0.899359375 0.33662890625 0.878380859375 0.33299609375 0.867400390625 0.322564453125 0.8689375 0.322751953125 0.9003671875 0.3320703125 0.924408203125
0 0.25399609375 0.86795703125 0.27435546875 0.869498046875 0.2691640625 0.84475 0.263390625 0.824123046875 0.255587890625 0.823544921875 0.25589453125 0.82576171875 0.249986328125 0.847263671875 0.25399609375 0.86795703125
0 0.311685546875 0.85141015625 0.328697265625 0.85461328125 0.323796875 0.82553515625 0.317486328125 0.806220703125 0.309873046875 0.802806640625 0.306056640625 0.807982421875 0.30541015625 0.8223359375 0.311685546875 0.85141015625
0 0.34977734375 0.781193359375 0.365400390625 0.77901953125 0.351138671875 0.751470703125 0.347517578125 0.763525390625 0.34977734375 0.781193359375
0 0.41248828125 0.759490234375 0.39943359375 0.749486328125 0.36777734375 0.74881640625 0.382201171875 0.770744140625 0.41248828125 0.759490234375
0 0.38862890625 0.903185546875 0.403072265625 0.900798828125 0.389244140625 0.860349609375 0.38276953125 0.850142578125 0.37399609375 0.853064453125 0.373916015625 0.876751953125 0.38862890625 0.903185546875
0 0.357771484375 0.91132421875 0.37459375 0.912236328125 0.368869140625 0.885064453125 0.361380859375 0.864779296875 0.357630859375 0.85654296875 0.347962890625 0.863224609375 0.349798828125 0.89385546875 0.357771484375 0.91132421875
0 0.4125 0.897068359375 0.423625 0.8962734375 0.4230546875 0.87726171875 0.4425859375 0.863111328125 0.4400390625 0.843310546875 0.421666015625 0.841279296875 0.40003125 0.846080078125 0.407029296875 0.882990234375 0.4125 0.897068359375
0 0.285177734375 0.861234375 0.301939453125 0.86314453125 0.298494140625 0.843275390625 0.28929296875 0.828421875 0.28383203125 0.824490234375 0.279994140625 0.843943359375 0.285177734375 0.861234375
0 0.3401484375 0.851693359375 0.35574609375 0.846720703125 0.34768359375 0.8186171875 0.34423046875 0.80044921875 0.333359375 0.799091796875 0.3325390625 0.821611328125 0.3401484375 0.851693359375
0 0.272162109375 0.942701171875 0.288736328125 0.9377578125 0.28815234375 0.925208984375 0.2842421875 0.912357421875 0.276212890625 0.9102109375 0.268701171875 0.93280078125 0.272162109375 0.942701171875
0 0.237630859375 0.998046875 0.240060546875 0.980484375 0.236162109375 0.963744140625 0.22478125 0.968626953125 0.226693359375 0.985861328125 0.237630859375 0.998046875
0 0.377939453125 0.84216015625 0.381212890625 0.835861328125 0.377021484375 0.821169921875 0.370755859375 0.8195234375 0.3694453125 0.8210078125 0.36626953125 0.8352734375 0.377939453125 0.84216015625
0 0.382826171875 0.809298828125 0.413244140625 0.80430859375 0.402810546875 0.829041015625 0.42860546875 0.827412109375 0.436236328125 0.822994140625 0.418435546875 0.77259375 0.38113671875 0.7830546875 0.382826171875 0.809298828125
0 0.2073984375 0.87672265625 0.210984375 0.882677734375 0.219578125 0.882677734375 0.212591796875 0.862275390625 0.204609375 0.840603515625 0.198396484375 0.864779296875 0.2073984375 0.87672265625