1 0.723544921875 0.38343359375 0.5624765625 0.25424609375 0.396859375 0.3385390625 0.550265625 0.47718359375 0.723544921875 0.38343359375
0 0.46875 0.3203125 0.4765625 0.32421875 0.48046875 0.32421875 0.494140625 0.318359375 0.494140625 0.314453125 0.486328125 0.310546875 0.474609375 0.310546875 0.470703125 0.3125 0.466796875 0.31640625 0.46875 0.3203125
0 0.4296875 0.349609375 0.431640625 0.345703125 0.447265625 0.349609375 0.453125 0.34765625 0.455078125 0.345703125 0.455078125 0.341796875 0.44140625 0.341796875 0.439453125 0.34375 0.43359375 0.34375 0.4296875 0.345703125 0.427734375 0.34765625 0.4296875 0.349609375
0 0.53125 0.337890625 0.533203125 0.33984375 0.564453125 0.33984375 0.56640625 0.337890625 0.5625 0.333984375 0.552734375 0.330078125 0.537109375 0.330078125 0.533203125 0.33203125 0.53125 0.333984375 0.53125 0.337890625
0 0.532162109375 0.37088671875 0.541685546875 0.372607421875 0.54919921875 0.368203125 0.544037109375 0.363166015625 0.53594140625 0.365166015625 0.532162109375 0.37088671875
0 0.52751953125 0.399951171875 0.521751953125 0.39609375 0.510626953125 0.399048828125 0.517822265625 0.403806640625 0.52751953125 0.399951171875
0 0.56474609375 0.3745859375 0.552900390625 0.37809765625 0.5487421875 0.38321875 0.552451171875 0.386388671875 0.559521484375 0.38366015625 0.570775390625 0.3785078125 0.579818359375 0.373966796875 0.579095703125 0.367703125 0.575076171875 0.36854296875 0.56474609375 0.3745859375
0 0.528173828125 0.410896484375 0.534662109375 0.413470703125 0.54405859375 0.412853515625 0.5507578125 0.4081796875 0.5456875 0.403998046875 0.53990625 0.406384765625 0.528173828125 0.410896484375
0 0.575310546875 0.444291015625 0.579181640625 0.44079296875 0.56512890625 0.438734375 0.561076171875 0.436357421875 0.55425390625 0.4399453125 0.561876953125 0.4476875 0.575310546875 0.444291015625
0 0.624970703125 0.40730078125 0.620203125 0.4171796875 0.635619140625 0.41231640625 0.645671875 0.404041015625 0.641376953125 0.39657421875 0.637546875 0.396431640625 0.624970703125 0.40730078125
0 0.58761328125 0.41251953125 0.59438671875 0.40859375 0.5918828125 0.403173828125 0.57908984375 0.411134765625 0.58761328125 0.41251953125
0 0.517578125 0.442388671875 0.528845703125 0.443140625 0.535232421875 0.4351328125 0.5337265625 0.429158203125 0.525294921875 0.433763671875 0.517578125 0.442388671875