1 0.697267578125 0.4638671875 0.681068359375 0.374783203125 0.3749375 0.3737265625 0.344279296875 0.45654296875 0.697267578125 0.4638671875
0 0.407046875 0.393484375 0.414859375 0.393484375 0.4168125 0.389578125 0.4168125 0.38371875 0.414859375 0.381765625 0.410953125 0.381765625 0.407046875 0.385671875 0.407046875 0.393484375
0 0.37109375 0.41015625 0.375 0.41015625 0.37890625 0.404296875 0.37890625 0.400390625 0.375 0.3984375 0.37109375 0.40234375 0.37109375 0.41015625
0 0.65234375 0.38671875 0.6640625 0.392578125 0.666015625 0.390625 0.666015625 0.3828125 0.6640625 0.37890625 0.658203125 0.37890625 0.654296875 0.380859375 0.65234375 0.3828125 0.65234375 0.38671875
0 0.57835546875 0.431109375 0.5916796875 0.43290625 0.59339453125 0.42155078125 0.579525390625 0.41887109375 0.573748046875 0.424236328125 0.57835546875 0.431109375
0 0.601765625 0.414640625 0.6190859375 0.41596875 0.622130859375 0.40598046875 0.61083984375 0.404716796875 0.60760546875 0.41075390625 0.601765625 0.414640625
0 0.6283046875 0.416236328125 0.637501953125 0.414494140625 0.638451171875 0.4077109375 0.6314296875 0.40771875 0.626513671875 0.40972265625 0.6283046875 0.416236328125
0 0.602326171875 0.44559765625 0.60462109375 0.4519375 0.61344921875 0.451546875 0.622173828125 0.448701171875 0.621009765625 0.4403203125 0.61469921875 0.4394609375 0.601115234375 0.440634765625 0.602326171875 0.44559765625
0 0.576470703125 0.45305859375 0.585234375 0.45305859375 0.59196484375 0.450263671875 0.5929140625 0.444833984375 0.58666015625 0.439662109375 0.5765234375 0.441607421875 0.5731953125 0.449287109375 0.576470703125 0.45305859375
0 0.553333984375 0.44853125 0.55483203125 0.4540390625 0.565650390625 0.4540390625 0.567134765625 0.447640625 0.559017578125 0.445884765625 0.560142578125 0.4393125 0.55078515625 0.4403203125 0.547876953125 0.446751953125 0.553333984375 0.44853125
0 0.54127734375 0.445357421875 0.5415546875 0.43864453125 0.533197265625 0.4394609375 0.536974609375 0.443654296875 0.54127734375 0.445357421875
0 0.46603515625 0.45090625 0.479373046875 0.45166015625 0.48656640625 0.448689453125 0.48187109375 0.443919921875 0.475716796875 0.443751953125 0.465109375 0.44608984375 0.46603515625 0.45090625
0 0.454623046875 0.45 0.459115234375 0.45221484375 0.46032421875 0.445564453125 0.45684375 0.445466796875 0.450869140625 0.444830078125 0.454623046875 0.45
0 0.4721484375 0.393833984375 0.4863515625 0.39476953125 0.478291015625 0.39141796875 0.47456640625 0.38978515625 0.4721484375 0.393833984375
0 0.56125 0.41495703125 0.559513671875 0.409259765625 0.55507421875 0.404716796875 0.55247265625 0.415970703125 0.56125 0.41495703125
0 0.539564453125 0.430640625 0.542419921875 0.42208984375 0.534525390625 0.418115234375 0.522474609375 0.41973046875 0.527484375 0.4243984375 0.539564453125 0.430640625
0 0.4928359375 0.439087890625 0.494623046875 0.4487734375 0.51006640625 0.4489921875 0.512990234375 0.44264453125 0.511130859375 0.43767578125 0.50488671875 0.4394609375 0.5007890625 0.440494140625 0.4928359375 0.439087890625
0 0.4431875 0.427455078125 0.456890625 0.429048828125 0.463572265625 0.421576171875 0.46167578125 0.417623046875 0.453412109375 0.41930078125 0.444857421875 0.42034375 0.4431875 0.427455078125