1 0.688015625 0.700052734375 0.710203125 0.481068359375 0.31037109375 0.47332421875 0.2679609375 0.480681640625 0.278416015625 0.693109375 0.688015625 0.700052734375
0 0.322265625 0.677734375 0.3359375 0.677734375 0.337890625 0.6796875 0.359375 0.681640625 0.36328125 0.681640625 0.365234375 0.6796875 0.375 0.6796875 0.376953125 0.677734375 0.376953125 0.673828125 0.37109375 0.673828125 0.369140625 0.671875 0.359375 0.669921875 0.318359375 0.669921875 0.314453125 0.673828125 0.322265625 0.677734375
0 0.416015625 0.685546875 0.421875 0.685546875 0.423828125 0.6875 0.4375 0.6875 0.439453125 0.685546875 0.44921875 0.685546875 0.451171875 0.68359375 0.45703125 0.68359375 0.458984375 0.681640625 0.458984375 0.677734375 0.4140625 0.677734375 0.412109375 0.681640625 0.416015625 0.685546875
0 0.384029296875 0.625109375 0.38733984375 0.618025390625 0.3785546875 0.611029296875 0.370705078125 0.61760546875 0.384029296875 0.625109375
0 0.37709765625 0.66605859375 0.3752109375 0.659796875 0.339666015625 0.662376953125 0.306736328125 0.66023046875 0.315390625 0.668154296875 0.37709765625 0.66605859375
0 0.31640625 0.498046875 0.33203125 0.48828125 0.302734375 0.4921875 0.30078125 0.498046875 0.31640625 0.498046875
0 0.385212890625 0.492318359375 0.36808984375 0.484236328125 0.347841796875 0.48603515625 0.362958984375 0.49968359375 0.385212890625 0.492318359375
0 0.48475390625 0.50192578125 0.48331640625 0.488677734375 0.395697265625 0.48675 0.3966640625 0.499607421875 0.48475390625 0.50192578125
0 0.584732421875 0.503015625 0.586296875 0.493880859375 0.49569140625 0.489607421875 0.4949921875 0.50102734375 0.584732421875 0.503015625
0 0.679697265625 0.50493359375 0.681404296875 0.490376953125 0.597115234375 0.492462890625 0.5977734375 0.5043203125 0.679697265625 0.50493359375
0 0.38487890625 0.518044921875 0.38576953125 0.506955078125 0.34069921875 0.503890625 0.3350390625 0.51437109375 0.38487890625 0.518044921875
0 0.48425 0.51765234375 0.484798828125 0.507392578125 0.4406953125 0.508890625 0.445107421875 0.5170703125 0.48425 0.51765234375
0 0.584591796875 0.519576171875 0.5852421875 0.5095390625 0.4976015625 0.506234375 0.497833984375 0.507462890625 0.497205078125 0.516103515625 0.584591796875 0.519576171875
0 0.610818359375 0.51325 0.657095703125 0.517931640625 0.64714453125 0.51084375 0.598564453125 0.508767578125 0.610818359375 0.51325
0 0.482861328125 0.536783203125 0.483978515625 0.52580859375 0.3985546875 0.523890625 0.396484375 0.534845703125 0.482861328125 0.536783203125
0 0.583123046875 0.538759765625 0.58458984375 0.526357421875 0.49569140625 0.526033203125 0.493978515625 0.537677734375 0.583123046875 0.538759765625
0 0.63757421875 0.537853515625 0.653958984375 0.53040625 0.596400390625 0.529603515625 0.594533203125 0.53809765625 0.63757421875 0.537853515625
0 0.48292578125 0.55261328125 0.481634765625 0.54372265625 0.399267578125 0.54174609375 0.399150390625 0.553263671875 0.48292578125 0.55261328125
0 0.56281640625 0.5525859375 0.570732421875 0.543123046875 0.4949765625 0.543888671875 0.49375390625 0.550646484375 0.56281640625 0.5525859375
0 0.59765625 0.554845703125 0.621416015625 0.554876953125 0.639970703125 0.54603125 0.59583203125 0.54855078125 0.59765625 0.554845703125
0 0.482888671875 0.579056640625 0.446576171875 0.579576171875 0.3985546875 0.583173828125 0.485443359375 0.5910390625 0.482888671875 0.579056640625
0 0.58053125 0.59048046875 0.582126953125 0.582119140625 0.49712109375 0.581744140625 0.50136328125 0.591005859375 0.58053125 0.59048046875
0 0.5919207147351635 0.5804339633683235 0.592115234375 0.581744140625 0.59109375 0.589615234375 0.633095703125 0.58896484375 0.638197265625 0.582892578125 0.5919207147351635 0.5804339633683235
0 0.580572265625 0.602794921875 0.5811484375 0.596369140625 0.49712109375 0.595314453125 0.4953359375 0.60124609375 0.580572265625 0.602794921875
0 0.626046875 0.622822265625 0.625171875 0.616365234375 0.5892578125 0.61602734375 0.59211328125 0.622822265625 0.626046875 0.622822265625
0 0.57863671875 0.62121484375 0.57863671875 0.615921875 0.55783203125 0.6167421875 0.549416015625 0.622591796875 0.57863671875 0.62121484375
0 0.54648828125 0.636064453125 0.53791015625 0.6305703125 0.50140625 0.63102734375 0.536150390625 0.638833984375 0.54648828125 0.636064453125