1 0.796509765625 0.51169140625 0.779123046875 0.320171875 0.252642578125 0.327513671875 0.248560546875 0.517068359375 0.796509765625 0.51169140625
0 0.284525390625 0.38273046875 0.280986328125 0.4094921875 0.276267578125 0.43266796875 0.276275390625 0.464609375 0.276306640625 0.49644921875 0.282501953125 0.512865234375 0.3165390625 0.50546875 0.3178828125 0.46394921875 0.3178828125 0.431873046875 0.3140234375 0.39672265625 0.315373046875 0.366603515625 0.312314453125 0.341775390625 0.2807890625 0.342056640625 0.2795390625 0.361037109375 0.284525390625 0.38273046875
0 0.48898828125 0.48927734375 0.50006640625 0.49908203125 0.514337890625 0.501109375 0.545224609375 0.494328125 0.533701171875 0.48761328125 0.518357421875 0.481173828125 0.508833984375 0.47725 0.495994140625 0.479884765625 0.48898828125 0.48927734375
0 0.72226171875 0.36435546875 0.733419921875 0.368021484375 0.744439453125 0.368021484375 0.7449375 0.35882421875 0.734650390625 0.351712890625 0.728185546875 0.35485546875 0.72226171875 0.36435546875
0 0.716658203125 0.43936328125 0.71496484375 0.4550859375 0.73291015625 0.457369140625 0.752556640625 0.454419921875 0.764748046875 0.442626953125 0.757982421875 0.43439453125 0.744306640625 0.4319375 0.73096875 0.430646484375 0.716658203125 0.43936328125
0 0.757193359375 0.47103125 0.739953125 0.47291796875 0.723333984375 0.480330078125 0.725544921875 0.49037890625 0.737421875 0.49928125 0.7473515625 0.50205859375 0.77164453125 0.499412109375 0.790669921875 0.488619140625 0.777505859375 0.48465625 0.760037109375 0.479494140625 0.766888671875 0.469501953125 0.770306640625 0.4586796875 0.75985546875 0.459837890625 0.757193359375 0.47103125
0 0.333787109375 0.399568359375 0.348552734375 0.40873828125 0.353193359375 0.408478515625 0.354005859375 0.3950859375 0.3547109375 0.387677734375 0.347638671875 0.383142578125 0.34162109375 0.382953125 0.340390625 0.382984375 0.3291015625 0.387216796875 0.333787109375 0.399568359375
0 0.36276171875 0.38683984375 0.3655703125 0.401375 0.372638671875 0.41021484375 0.3871015625 0.4226796875 0.39572265625 0.416220703125 0.393744140625 0.3956484375 0.39293359375 0.38777734375 0.38076953125 0.384755859375 0.37741796875 0.38521484375 0.368767578125 0.383697265625 0.36276171875 0.38683984375
0 0.4115234375 0.419482421875 0.4236875 0.421416015625 0.4305 0.420609375 0.434537109375 0.413607421875 0.432708984375 0.397318359375 0.4319765625 0.383447265625 0.4250859375 0.383626953125 0.40418359375 0.381646484375 0.405833984375 0.410966796875 0.4115234375 0.419482421875
0 0.482927734375 0.41048046875 0.487271484375 0.420541015625 0.509625 0.420541015625 0.51266796875 0.41454296875 0.51250390625 0.40208203125 0.508828125 0.3817109375 0.48180859375 0.382091796875 0.479693359375 0.391595703125 0.482927734375 0.41048046875
0 0.44955859375 0.419306640625 0.47046484375 0.41768359375 0.469041015625 0.40505859375 0.46867578125 0.3846328125 0.452193359375 0.383009765625 0.44255078125 0.383431640625 0.4438671875 0.4028671875 0.44955859375 0.419306640625
0 0.330013671875 0.45868359375 0.335943359375 0.463375 0.35340234375 0.464591796875 0.35472265625 0.45196484375 0.3526953125 0.4283515625 0.34467578125 0.429056640625 0.332806640625 0.427595703125 0.325962890625 0.439220703125 0.330013671875 0.45868359375
0 0.326572265625 0.495703125 0.334501953125 0.507548828125 0.354541015625 0.5111484375 0.356919921875 0.496791015625 0.35546875 0.474083984375 0.346025390625 0.472517578125 0.328333984375 0.470494140625 0.326166015625 0.481548828125 0.326572265625 0.495703125
0 0.368103515625 0.504099609375 0.3809296875 0.5070859375 0.39855859375 0.503158203125 0.391833984375 0.4718515625 0.3667109375 0.472654296875 0.365669921875 0.482533203125 0.368103515625 0.504099609375
0 0.36859765625 0.452822265625 0.373990234375 0.463806640625 0.3940078125 0.46763671875 0.394203125 0.456720703125 0.39582421875 0.42821875 0.3879375 0.428943359375 0.366263671875 0.427595703125 0.364947265625 0.43458984375 0.36859765625 0.452822265625
0 0.404703125 0.450189453125 0.409970703125 0.461619140625 0.42390625 0.465693359375 0.43601171875 0.460111328125 0.435212890625 0.444115234375 0.432607421875 0.428216796875 0.4189140625 0.42902734375 0.407416015625 0.42862109375 0.404296875 0.435859375 0.404703125 0.450189453125
0 0.443873046875 0.456009765625 0.453302734375 0.462982421875 0.475716796875 0.46158203125 0.47594140625 0.4521484375 0.4751796875 0.429609375 0.469953125 0.42844140625 0.453380859375 0.42762890625 0.444796875 0.42840234375 0.44265625 0.440744140625 0.443873046875 0.456009765625
0 0.407751953125 0.485080078125 0.411982421875 0.496373046875 0.424541015625 0.493158203125 0.435205078125 0.486791015625 0.436265625 0.473154296875 0.423373046875 0.470865234375 0.40819921875 0.470869140625 0.406134765625 0.47338671875 0.407751953125 0.485080078125
0 0.4458046875 0.484888671875 0.45734765625 0.493373046875 0.463154296875 0.500705078125 0.4747109375 0.50043359375 0.47675 0.49240625 0.47148828125 0.486333984375 0.475720703125 0.482599609375 0.4747265625 0.475994140625 0.466302734375 0.47033984375 0.455439453125 0.472587890625 0.447474609375 0.472587890625 0.4458046875 0.484888671875
0 0.485220703125 0.45869140625 0.489310546875 0.46422265625 0.5051328125 0.467013671875 0.514701171875 0.4621015625 0.514701171875 0.448970703125 0.514701171875 0.4340546875 0.5069296875 0.42802734375 0.49240625 0.42843359375 0.48136328125 0.427595703125 0.482576171875 0.439791015625 0.485220703125 0.45869140625
0 0.524357421875 0.412884765625 0.528080078125 0.41877734375 0.539580078125 0.41939453125 0.552345703125 0.4153984375 0.552099609375 0.40230859375 0.552099609375 0.389591796875 0.542990234375 0.383140625 0.5228515625 0.381201171875 0.5207734375 0.39462890625 0.524357421875 0.412884765625
0 0.563814453125 0.401501953125 0.566232421875 0.415361328125 0.57841796875 0.418994140625 0.591974609375 0.416158203125 0.592787109375 0.407259765625 0.590560546875 0.39079296875 0.58557421875 0.382494140625 0.57125 0.383259765625 0.563001953125 0.382091796875 0.5613984375 0.39047265625 0.563814453125 0.401501953125
0 0.6045078125 0.410732421875 0.607490234375 0.418751953125 0.627916015625 0.41753515625 0.63094140625 0.410078125 0.629087890625 0.394630859375 0.624880859375 0.380701171875 0.611126953125 0.381107421875 0.601814453125 0.38075390625 0.59801953125 0.3970390625 0.6045078125 0.410732421875
0 0.64309375 0.4072265625 0.647701171875 0.41680859375 0.66286328125 0.41680859375 0.66784765625 0.407384765625 0.670875 0.39224609375 0.66326171875 0.380484375 0.650919921875 0.379677734375 0.641072265625 0.379416015625 0.640267578125 0.39180078125 0.64309375 0.4072265625
0 0.682740234375 0.4101796875 0.6876015625 0.41704296875 0.698083984375 0.415013671875 0.69701171875 0.404900390625 0.69212890625 0.40091796875 0.689404296875 0.39029296875 0.689787109375 0.3815390625 0.6794375 0.38030859375 0.67990625 0.39420703125 0.682740234375 0.4101796875
0 0.72275 0.39998046875 0.72248046875 0.411013671875 0.72935546875 0.414697265625 0.74841796875 0.415103515625 0.748201171875 0.410203125 0.745123046875 0.395423828125 0.739181640625 0.38330078125 0.7309765625 0.388845703125 0.72048046875 0.381646484375 0.722923828125 0.391373046875 0.72275 0.39998046875
0 0.64429296875 0.42414453125 0.6458828125 0.436111328125 0.647505859375 0.452462890625 0.65358984375 0.46259375 0.669150390625 0.459353515625 0.67070703125 0.449689453125 0.66234765625 0.43714453125 0.665376953125 0.424234375 0.659453125 0.42455078125 0.64429296875 0.42414453125
0 0.6044765625 0.45271875 0.61861328125 0.460330078125 0.633951171875 0.4539765625 0.631220703125 0.432162109375 0.63070703125 0.443728515625 0.611462890625 0.437310546875 0.60359765625 0.429380859375 0.601232421875 0.434623046875 0.6044765625 0.45271875
0 0.526958984375 0.4566015625 0.53512890625 0.4608984375 0.55193359375 0.458470703125 0.55543359375 0.449349609375 0.55105859375 0.43856640625 0.5437578125 0.42819921875 0.52954296875 0.426705078125 0.523328125 0.43790234375 0.526958984375 0.4566015625
0 0.56516796875 0.459134765625 0.5796640625 0.461751953125 0.595017578125 0.459724609375 0.59515234375 0.449626953125 0.59555859375 0.432353515625 0.582578125 0.4277890625 0.566125 0.427150390625 0.564357421875 0.445171875 0.56516796875 0.459134765625
0 0.531173828125 0.50611328125 0.557078125 0.50530078125 0.562146484375 0.494181640625 0.55656640625 0.475787109375 0.544310546875 0.470904296875 0.529223627604565 0.4699861816183321 0.5351875 0.478087890625 0.5480234375 0.491259765625 0.54542578125 0.499291015625 0.531173828125 0.50611328125
0 0.57178515625 0.47071875 0.57038671875 0.469376953125 0.567693359375 0.47670703125 0.569453125 0.486556640625 0.581962890625 0.494177734375 0.5930625 0.500896484375 0.5898203125 0.492578125 0.596478515625 0.478591796875 0.588521484375 0.471529296875 0.571923828125 0.470423828125 0.571150390625 0.469451171875 0.57178515625 0.47071875
0 0.6099453125 0.492587890625 0.6200234375 0.49908984375 0.629908203125 0.496705078125 0.635365234375 0.489173828125 0.637087890625 0.475447265625 0.608234375 0.4691875 0.6066796875 0.473287109375 0.6099453125 0.492587890625
0 0.649240234375 0.48127734375 0.650654296875 0.488125 0.656205078125 0.494560546875 0.663732421875 0.499626953125 0.673380859375 0.499626953125 0.675205078125 0.49483984375 0.66937890625 0.49258203125 0.66523046875 0.481658203125 0.670400390625 0.473015625 0.664279296875 0.46771875 0.649548828125 0.468638671875 0.649240234375 0.474095703125 0.649240234375 0.48127734375
0 0.6849296875 0.4323046875 0.686876953125 0.445833984375 0.69162890625 0.45935546875 0.70056640625 0.460572265625 0.7089921875 0.45647265625 0.706529296875 0.446166015625 0.6958359375 0.442314453125 0.692525390625 0.435732421875 0.688806640625 0.424919921875 0.68385546875 0.4234765625 0.6849296875 0.4323046875
0 0.692578125 0.485466796875 0.699083984375 0.4967109375 0.69931640625 0.50279296875 0.711962890625 0.50203515625 0.71665625 0.496447265625 0.7107890625 0.48458984375 0.70912890625 0.471140625 0.7021640625 0.470267578125 0.691037109375 0.46953125 0.69115625 0.4770859375 0.692578125 0.485466796875