1 0.620369140625 0.595486328125 0.44510546875 0.4151796875 0.24437890625 0.511408203125 0.4041015625 0.71354296875 0.620369140625 0.595486328125
0 0.33203125 0.486328125 0.3359375 0.490234375 0.34375 0.490234375 0.353515625 0.484375 0.359375 0.484375 0.3671875 0.48046875 0.365234375 0.4765625 0.353515625 0.474609375 0.3515625 0.47265625 0.3359375 0.4765625 0.33203125 0.48046875 0.33203125 0.486328125
0 0.28515625 0.517578125 0.294921875 0.517578125 0.296875 0.51953125 0.30859375 0.51953125 0.3125 0.515625 0.3125 0.513671875 0.30859375 0.509765625 0.2890625 0.509765625 0.28515625 0.51171875 0.283203125 0.513671875 0.28515625 0.517578125
0 0.40234375 0.515625 0.40625 0.51953125 0.421875 0.521484375 0.423828125 0.5234375 0.4375 0.5234375 0.439453125 0.521484375 0.43359375 0.513671875 0.42578125 0.509765625 0.41015625 0.505859375 0.404296875 0.5078125 0.40234375 0.509765625 0.40234375 0.515625
0 0.43359375 0.443359375 0.44140625 0.443359375 0.44921875 0.435546875 0.447265625 0.431640625 0.439453125 0.431640625 0.435546875 0.43359375 0.431640625 0.4375 0.43359375 0.443359375
0 0.302251953125 0.533970703125 0.310265625 0.543783203125 0.3276953125 0.532873046875 0.31592578125 0.529478515625 0.302251953125 0.533970703125
0 0.36605859375 0.508759765625 0.370923828125 0.515265625 0.415142578125 0.493408203125 0.4102109375 0.487216796875 0.402423828125 0.48902734375 0.379373046875 0.497994140625 0.36605859375 0.508759765625
0 0.473384765625 0.5012734375 0.4766640625 0.496 0.474802734375 0.48709765625 0.463408203125 0.4948515625 0.473384765625 0.5012734375
0 0.408126953125 0.538265625 0.428142578125 0.53090234375 0.438162109375 0.527291015625 0.417150390625 0.52034765625 0.402681640625 0.526001953125 0.399291015625 0.53851953125 0.408126953125 0.538265625
0 0.339015625 0.56739453125 0.34727734375 0.57040234375 0.3661015625 0.56000390625 0.3565859375 0.55175390625 0.342037109375 0.55512890625 0.339015625 0.56739453125
0 0.4624765625 0.539078125 0.454255859375 0.529240234375 0.391326171875 0.556580078125 0.399900390625 0.567263671875 0.4624765625 0.539078125
0 0.4776640625 0.52926171875 0.493990234375 0.522060546875 0.4902421875 0.510740234375 0.469388671875 0.52429296875 0.4776640625 0.52926171875
0 0.48884765625 0.549458984375 0.50419921875 0.543095703125 0.51037109375 0.52849609375 0.499892578125 0.5305234375 0.4808359375 0.54293359375 0.48884765625 0.549458984375
0 0.506982421875 0.570697265625 0.526033203125 0.555638671875 0.5338046875 0.54687890625 0.519193359375 0.546447265625 0.495234375 0.560751953125 0.506982421875 0.570697265625
0 0.522326171875 0.591185546875 0.533552734375 0.58294921875 0.537046875 0.567677734375 0.512619140625 0.580896484375 0.522326171875 0.591185546875
0 0.53253515625 0.605755859375 0.54151953125 0.610833984375 0.56328515625 0.597962890625 0.56325390625 0.584203125 0.539943359375 0.589390625 0.54490234375 0.5998046875 0.53253515625 0.605755859375
0 0.457185546875 0.635751953125 0.468154296875 0.650095703125 0.5312578125 0.616412109375 0.517369140625 0.601509765625 0.457185546875 0.635751953125
0 0.512998046875 0.59651953125 0.502591796875 0.581548828125 0.439095703125 0.61303515625 0.4496484375 0.625484375 0.512998046875 0.59651953125
0 0.432080078125 0.60639453125 0.495251953125 0.574451171875 0.484935546875 0.56430078125 0.42226953125 0.595560546875 0.432080078125 0.60639453125
0 0.41713671875 0.5884453125 0.47746875 0.554828125 0.465634765625 0.544517578125 0.407216796875 0.576501953125 0.41713671875 0.5884453125
0 0.3567578125 0.588404296875 0.389466796875 0.57448828125 0.3807109375 0.5633359375 0.354578125 0.575578125 0.3567578125 0.588404296875
0 0.37161328125 0.60779296875 0.40357421875 0.59392578125 0.39615234375 0.582154296875 0.370150390625 0.5976640625 0.37161328125 0.60779296875
0 0.389521484375 0.6278828125 0.42423828125 0.6100078125 0.413521484375 0.60097265625 0.382931640625 0.619087890625 0.389521484375 0.6278828125
0 0.405908203125 0.649 0.44048828125 0.633970703125 0.430892578125 0.621720703125 0.398748046875 0.63946484375 0.405908203125 0.649
0 0.429701171875 0.66771484375 0.458509765625 0.65355078125 0.448263671875 0.641021484375 0.41599609375 0.65875390625 0.429701171875 0.66771484375