1 0.779431640625 0.737103515625 0.78273828125 0.453869140625 0.47762109375 0.44534375 0.477513671875 0.7353671875 0.779431640625 0.737103515625
0 0.546875 0.48046875 0.54296875 0.47265625 0.517578125 0.46484375 0.533203125 0.484375 0.546875 0.48046875
0 0.60546875 0.466796875 0.62890625 0.470703125 0.623046875 0.4609375 0.591796875 0.46484375 0.591796875 0.4765625 0.60546875 0.466796875
0 0.755859375 0.46875 0.740234375 0.462890625 0.7265625 0.47265625 0.755859375 0.46875
0 0.638671875 0.54296875 0.654296875 0.560546875 0.669921875 0.564453125 0.6640625 0.541015625 0.64453125 0.529296875 0.63671875 0.53125 0.638671875 0.54296875
0 0.598416015625 0.509513671875 0.62462890625 0.509994140625 0.668130859375 0.510349609375 0.676669921875 0.50492578125 0.671291015625 0.49321484375 0.65101171875 0.49140625 0.61769140625 0.49140625 0.59130859375 0.4871796875 0.5905859375 0.502001953125 0.598416015625 0.509513671875
0 0.5037265625 0.50781640625 0.52015625 0.510314453125 0.55147265625 0.513154296875 0.577142578125 0.50936328125 0.579298828125 0.49619921875 0.55875 0.493416015625 0.535642578125 0.495783203125 0.5116953125 0.496251953125 0.503935546875 0.497953125 0.5037265625 0.50781640625
0 0.63791796875 0.56316796875 0.653765625 0.56396484375 0.648927734375 0.556228515625 0.636638671875 0.547771484375 0.61251171875 0.54398046875 0.592875 0.544587890625 0.592541015625 0.559134765625 0.63791796875 0.56316796875
0 0.5789375 0.561158203125 0.578412109375 0.542322265625 0.5078046875 0.5425 0.50744921875 0.558078125 0.5789375 0.561158203125
0 0.680568359375 0.593298828125 0.681021484375 0.57819921875 0.5897421875 0.5717265625 0.592357421875 0.59025390625 0.680568359375 0.593298828125
0 0.578634765625 0.590095703125 0.5780859375 0.572748046875 0.5104140625 0.571205078125 0.507662109375 0.586517578125 0.578634765625 0.590095703125
0 0.57852734375 0.62169140625 0.5785625 0.602869140625 0.509892578125 0.59834375 0.5069921875 0.616443359375 0.57852734375 0.62169140625
0 0.678587890625 0.623435546875 0.678640625 0.605154296875 0.594439453125 0.60199609375 0.589107421875 0.619314453125 0.678587890625 0.623435546875
0 0.724361328125 0.564630859375 0.7333125 0.56051171875 0.703951171875 0.55736328125 0.701361328125 0.5478828125 0.689947265625 0.5456328125 0.691025390625 0.56320703125 0.724361328125 0.564630859375
0 0.719419921875 0.592763671875 0.742279296875 0.589958984375 0.732966796875 0.582255859375 0.719345703125 0.576052734375 0.692556640625 0.57851171875 0.688755859375 0.592583984375 0.719419921875 0.592763671875
0 0.7027734375 0.62058984375 0.707453125 0.609306640625 0.721560546875 0.609884765625 0.729134765625 0.618408203125 0.73797265625 0.615498046875 0.73923046875 0.60115625 0.690990234375 0.604083984375 0.69184375 0.62017578125 0.7027734375 0.62058984375
0 0.50829296875 0.6459296875 0.52478125 0.646279296875 0.56042578125 0.649603515625 0.579427734375 0.647703125 0.576236328125 0.628419921875 0.548498046875 0.628529296875 0.50937109375 0.623916015625 0.51064453125 0.636712890625 0.50829296875 0.6459296875
0 0.678080078125 0.64990625 0.676248046875 0.63088671875 0.590787109375 0.629134765625 0.59053515625 0.649796875 0.678080078125 0.64990625
0 0.710833984375 0.650109375 0.707078125 0.6437421875 0.706609375 0.631619140625 0.687859375 0.630701171875 0.690189453125 0.651533203125 0.710833984375 0.650109375
0 0.52840625 0.674921875 0.574205078125 0.67966796875 0.579162109375 0.662275390625 0.55741796875 0.657470703125 0.527947265625 0.6579453125 0.5104140625 0.656794921875 0.5143125 0.66908984375 0.52840625 0.674921875
0 0.58833203125 0.677625 0.67783984375 0.678564453125 0.67835546875 0.661140625 0.589220703125 0.65783984375 0.588998046875 0.657416015625 0.58833203125 0.677625
0 0.688982421875 0.67946875 0.699033203125 0.6754453125 0.70332421875 0.67103125 0.712421875 0.6622578125 0.7037890625 0.663974609375 0.689423828125 0.662013671875 0.689365234375 0.6724375 0.688982421875 0.67946875