1 0.506431640625 0.489603515625 0.650271484375 0.383146484375 0.5207265625 0.333861328125 0.3710078125 0.424232421875 0.506431640625 0.489603515625
0 0.43359375 0.4453125 0.4375 0.44921875 0.443359375 0.451171875 0.453125 0.451171875 0.45703125 0.447265625 0.455078125 0.439453125 0.44921875 0.435546875 0.439453125 0.435546875 0.435546875 0.4375 0.43359375 0.439453125 0.43359375 0.4453125
0 0.49609375 0.46875 0.505859375 0.46875 0.5078125 0.466796875 0.509765625 0.462890625 0.509765625 0.45703125 0.505859375 0.455078125 0.494140625 0.45703125 0.4921875 0.4609375 0.49609375 0.46875
0 0.513671875 0.46484375 0.515625 0.466796875 0.51953125 0.466796875 0.5234375 0.458984375 0.521484375 0.455078125 0.517578125 0.455078125 0.513671875 0.458984375 0.513671875 0.46484375
0 0.4296875 0.40234375 0.443359375 0.41015625 0.455078125 0.41015625 0.458984375 0.408203125 0.4609375 0.404296875 0.458984375 0.3984375 0.44921875 0.390625 0.443359375 0.390625 0.435546875 0.396484375 0.43359375 0.396484375 0.4296875 0.400390625 0.4296875 0.40234375
0 0.47625390625 0.46569140625 0.49373828125 0.469560546875 0.496041015625 0.45967578125 0.484080078125 0.45690625 0.468205078125 0.439224609375 0.45908203125 0.44201171875 0.4579765625 0.4519609375 0.47625390625 0.46569140625
0 0.525447265625 0.450271484375 0.536572265625 0.44351171875 0.522326171875 0.427669921875 0.503849609375 0.415162109375 0.4846328125 0.41123046875 0.47051171875 0.4108984375 0.505044921875 0.433890625 0.525447265625 0.450271484375
0 0.486193359375 0.402048828125 0.494486328125 0.38905859375 0.485904296875 0.38143359375 0.480056640625 0.391662109375 0.462255859375 0.38909765625 0.4732734375 0.401490234375 0.486193359375 0.402048828125
0 0.577888671875 0.419365234375 0.589310546875 0.408365234375 0.568248046875 0.408365234375 0.557501953125 0.40708984375 0.562814453125 0.429388671875 0.577888671875 0.419365234375
0 0.54797265625 0.407341796875 0.565044921875 0.3991796875 0.59181640625 0.393353515625 0.575181640625 0.384236328125 0.546515625 0.3837265625 0.53738671875 0.37600390625 0.5270234375 0.378515625 0.53402734375 0.3993359375 0.54797265625 0.407341796875
0 0.524595703125 0.374669921875 0.541181640625 0.37228125 0.5487578125 0.365720703125 0.569802734375 0.359759765625 0.555916015625 0.3703828125 0.583513671875 0.36463671875 0.563552734375 0.347994140625 0.5425859375 0.345927734375 0.520423828125 0.353341796875 0.507505859375 0.363638671875 0.494640625 0.367720703125 0.5085078125 0.38064453125 0.524595703125 0.374669921875
0 0.6163359375 0.391666015625 0.630986328125 0.38141796875 0.61038671875 0.371478515625 0.59051953125 0.3740703125 0.5970703125 0.382716796875 0.6163359375 0.391666015625