1 0.593037109375 0.354138671875 0.505388671875 0.21991015625 0.300974609375 0.243384765625 0.360892578125 0.39015234375 0.593037109375 0.354138671875
0 0.4921875 0.34765625 0.498046875 0.349609375 0.515625 0.349609375 0.517578125 0.34765625 0.517578125 0.341796875 0.51171875 0.333984375 0.505859375 0.333984375 0.50390625 0.33203125 0.494140625 0.33203125 0.490234375 0.333984375 0.48828125 0.33984375 0.4921875 0.34765625
0 0.470703125 0.359375 0.474609375 0.36328125 0.48046875 0.36328125 0.486328125 0.3671875 0.4921875 0.3671875 0.494140625 0.365234375 0.494140625 0.359375 0.48828125 0.3515625 0.47265625 0.3515625 0.470703125 0.353515625 0.470703125 0.359375
0 0.4453125 0.3671875 0.451171875 0.369140625 0.462890625 0.3671875 0.46875 0.361328125 0.466796875 0.35546875 0.4609375 0.353515625 0.451171875 0.353515625 0.447265625 0.357421875 0.4453125 0.361328125 0.4453125 0.3671875
0 0.423828125 0.337890625 0.439453125 0.345703125 0.447265625 0.345703125 0.44921875 0.34765625 0.4609375 0.34765625 0.46484375 0.341796875 0.46484375 0.3359375 0.4609375 0.33203125 0.453125 0.328125 0.4296875 0.328125 0.423828125 0.330078125 0.421875 0.333984375 0.423828125 0.337890625
0 0.349609375 0.365234375 0.36328125 0.380859375 0.373046875 0.384765625 0.37890625 0.384765625 0.38671875 0.380859375 0.384765625 0.375 0.365234375 0.35546875 0.361328125 0.353515625 0.35546875 0.353515625 0.349609375 0.359375 0.349609375 0.365234375
0 0.353515625 0.3203125 0.357421875 0.32421875 0.375 0.32421875 0.3828125 0.3203125 0.384765625 0.31640625 0.384765625 0.3125 0.376953125 0.306640625 0.361328125 0.306640625 0.353515625 0.3125 0.3515625 0.3203125 0.353515625 0.3203125
0 0.326171875 0.2890625 0.333984375 0.296875 0.333984375 0.298828125 0.337890625 0.30078125 0.34375 0.30078125 0.345703125 0.3046875 0.349609375 0.306640625 0.357421875 0.306640625 0.35546875 0.2890625 0.353515625 0.28515625 0.341796875 0.279296875 0.330078125 0.279296875 0.326171875 0.28125 0.326171875 0.2890625
0 0.33984375 0.2734375 0.34375 0.28125 0.34765625 0.283203125 0.359375 0.283203125 0.36328125 0.279296875 0.36328125 0.2734375 0.349609375 0.267578125 0.33984375 0.267578125 0.33984375 0.2734375
0 0.509765625 0.28125 0.51171875 0.283203125 0.513671875 0.294921875 0.517578125 0.298828125 0.517578125 0.30078125 0.5234375 0.306640625 0.53125 0.3046875 0.537109375 0.30078125 0.54296875 0.30078125 0.546875 0.296875 0.546875 0.28515625 0.541015625 0.2734375 0.53125 0.267578125 0.513671875 0.267578125 0.509765625 0.271484375 0.509765625 0.28125
0 0.478515625 0.283203125 0.482421875 0.28515625 0.4921875 0.28515625 0.494140625 0.283203125 0.501953125 0.283203125 0.505859375 0.28125 0.509765625 0.267578125 0.494140625 0.267578125 0.4921875 0.26953125 0.48046875 0.26953125 0.4765625 0.271484375 0.474609375 0.27734375 0.478515625 0.283203125
0 0.44921875 0.27734375 0.451171875 0.27734375 0.453125 0.28125 0.462890625 0.283203125 0.46875 0.28125 0.474609375 0.275390625 0.474609375 0.267578125 0.47265625 0.26171875 0.466796875 0.25390625 0.458984375 0.25390625 0.44921875 0.265625 0.447265625 0.271484375 0.44921875 0.27734375
0 0.439453125 0.28515625 0.443359375 0.2890625 0.451171875 0.2890625 0.451171875 0.283203125 0.447265625 0.279296875 0.439453125 0.279296875 0.439453125 0.28515625
0 0.435546875 0.236328125 0.4375 0.2421875 0.439453125 0.244140625 0.455078125 0.244140625 0.458984375 0.240234375 0.458984375 0.234375 0.451171875 0.224609375 0.443359375 0.220703125 0.439453125 0.220703125 0.435546875 0.224609375 0.435546875 0.236328125
0 0.462890625 0.2421875 0.470703125 0.24609375 0.48828125 0.2421875 0.48828125 0.240234375 0.494140625 0.232421875 0.49609375 0.220703125 0.490234375 0.216796875 0.478515625 0.216796875 0.4765625 0.21875 0.470703125 0.21875 0.46875 0.220703125 0.462890625 0.236328125 0.462890625 0.2421875
0 0.392578125 0.2578125 0.39453125 0.2578125 0.40234375 0.263671875 0.4140625 0.263671875 0.416015625 0.255859375 0.412109375 0.240234375 0.41015625 0.23828125 0.39453125 0.23828125 0.38671875 0.2421875 0.384765625 0.248046875 0.392578125 0.2578125
0 0.404296875 0.3125 0.408203125 0.318359375 0.416015625 0.318359375 0.42578125 0.310546875 0.42578125 0.306640625 0.421875 0.298828125 0.41796875 0.296875 0.41015625 0.302734375 0.408203125 0.302734375 0.404296875 0.306640625 0.404296875 0.3125
0 0.372123046875 0.299587890625 0.383548828125 0.3005 0.386703125 0.292826171875 0.395822265625 0.2960234375 0.4078125 0.28501171875 0.420193359375 0.2839453125 0.425158203125 0.27685546875 0.407080078125 0.2763984375 0.396685546875 0.283548828125 0.383880859375 0.280126953125 0.379125 0.26444921875 0.365138671875 0.2613203125 0.355884765625 0.255587890625 0.352826171875 0.265421875 0.353349609375 0.266962890625 0.372123046875 0.299587890625
0 0.40865234375 0.372970703125 0.401701171875 0.362728515625 0.390984375 0.365810546875 0.390447265625 0.37190625 0.40865234375 0.372970703125