1 0.674931640625 0.661162109375 0.6930078125 0.435048828125 0.33884765625 0.410755859375 0.260859375 0.613861328125 0.674931640625 0.661162109375
0 0.285255859375 0.52659765625 0.284376953125 0.54719921875 0.29401171875 0.5506484375 0.305427734375 0.539634765625 0.319845703125 0.523275390625 0.321708984375 0.50779296875 0.3073671875 0.508634765625 0.290076171875 0.512009765625 0.285255859375 0.52659765625
0 0.62173046875 0.609509765625 0.6269296875 0.62555078125 0.641673828125 0.63992578125 0.65825 0.649296875 0.6608828125 0.657861328125 0.671751953125 0.66426953125 0.673880859375 0.65076953125 0.6646796875 0.62776171875 0.653033203125 0.63771484375 0.641556640625 0.63029296875 0.650470703125 0.62084765625 0.669998046875 0.6044765625 0.66101171875 0.59359375 0.648291015625 0.607197265625 0.6470625 0.58825 0.63487890625 0.595634765625 0.62173046875 0.609509765625
0 0.601197265625 0.63035546875 0.6113828125 0.622103515625 0.6194375 0.6084921875 0.612009765625 0.6044609375 0.596396484375 0.608033203125 0.58801953125 0.6239296875 0.601197265625 0.63035546875
0 0.379828125 0.6057109375 0.38153125 0.596947265625 0.37540234375 0.583908203125 0.374373046875 0.60103125 0.379828125 0.6057109375
0 0.379201171875 0.435291015625 0.386080078125 0.424341796875 0.37717578125 0.419876953125 0.36333984375 0.417921875 0.371130859375 0.43198828125 0.379201171875 0.435291015625
0 0.355322265625 0.46512890625 0.363458984375 0.466013671875 0.368166015625 0.45555859375 0.355197265625 0.4563984375 0.355322265625 0.46512890625
0 0.42570703125 0.47547265625 0.425369140625 0.488361328125 0.432107421875 0.493220703125 0.43298046875 0.477701171875 0.432734375 0.466056640625 0.420849609375 0.464916015625 0.40628515625 0.45121484375 0.414833984375 0.465125 0.42570703125 0.47547265625
0 0.438841796875 0.4482578125 0.421171875 0.452322265625 0.431982421875 0.465412109375 0.43893359375 0.463349609375 0.4494453125 0.438626953125 0.4413359375 0.4277734375 0.43219921875 0.421470703125 0.429615234375 0.429306640625 0.419794921875 0.427572265625 0.427435546875 0.44391015625 0.438841796875 0.4482578125
0 0.470951171875 0.47051171875 0.48318359375 0.429673828125 0.46080859375 0.42901953125 0.443904296875 0.468072265625 0.470951171875 0.47051171875
0 0.501544921875 0.47423828125 0.51430859375 0.43230078125 0.48734765625 0.429984375 0.47830078125 0.471271484375 0.501544921875 0.47423828125
0 0.5356015625 0.475640625 0.54326171875 0.439017578125 0.520642578125 0.4362578125 0.510298828125 0.473845703125 0.5356015625 0.475640625
0 0.56638671875 0.480390625 0.573212890625 0.441615234375 0.552970703125 0.438669921875 0.5431484375 0.4770546875 0.56638671875 0.480390625
0 0.596453125 0.4841328125 0.605474609375 0.44951953125 0.585298828125 0.446390625 0.576494140625 0.480443359375 0.596453125 0.4841328125
0 0.63251171875 0.48577734375 0.637017578125 0.450841796875 0.617146484375 0.44928515625 0.608841796875 0.48293359375 0.63251171875 0.48577734375
0 0.66757421875 0.48940234375 0.67126953125 0.454498046875 0.6451328125 0.44928515625 0.64056640625 0.486580078125 0.66757421875 0.48940234375
0 0.658212890625 0.5355625 0.66342578125 0.4974609375 0.639341796875 0.496572265625 0.63912890625 0.5317734375 0.658212890625 0.5355625
0 0.60330078125 0.5231015625 0.605888671875 0.529853515625 0.62578515625 0.51526953125 0.629607421875 0.49676953125 0.613767578125 0.493677734375 0.6151875 0.51621484375 0.60330078125 0.5231015625
0 0.590240234375 0.527576171875 0.595943359375 0.492150390625 0.5756484375 0.486921875 0.565630859375 0.525173828125 0.590240234375 0.527576171875
0 0.55521875 0.52605078125 0.56259765625 0.488837890625 0.54235546875 0.486439453125 0.53589453125 0.523341796875 0.55521875 0.52605078125
0 0.52276171875 0.52011328125 0.532177734375 0.485283203125 0.508095703125 0.48161328125 0.497970703125 0.518283203125 0.52276171875 0.52011328125
0 0.490697265625 0.518001953125 0.498076171875 0.481689453125 0.474802734375 0.47871875 0.46553515625 0.515703125 0.490697265625 0.518001953125
0 0.458037109375 0.5160859375 0.46833203125 0.477701171875 0.443921875 0.474376953125 0.435107421875 0.51240625 0.458037109375 0.5160859375
0 0.6162890625 0.582658203125 0.616615234375 0.572126953125 0.601470703125 0.567013671875 0.606240234375 0.5503828125 0.594466796875 0.557369140625 0.590935546875 0.57953515625 0.6162890625 0.582658203125
0 0.64488671875 0.569478515625 0.655462890625 0.5690390625 0.65381640625 0.54675390625 0.638306640625 0.556796875 0.64488671875 0.569478515625
0 0.580412109375 0.580662109375 0.587857421875 0.55826171875 0.574076171875 0.557921875 0.56069140625 0.549166015625 0.556822265625 0.5745390625 0.580412109375 0.580662109375
0 0.544259765625 0.571822265625 0.55028515625 0.550552734375 0.53957421875 0.545421875 0.53222265625 0.532279296875 0.52486328125 0.569740234375 0.544259765625 0.571822265625
0 0.51059765625 0.56669921875 0.504455078125 0.54975390625 0.49748046875 0.530830078125 0.489322265625 0.565330078125 0.51059765625 0.56669921875
0 0.475232421875 0.566029296875 0.483078125 0.5590625 0.468994140625 0.555595703125 0.468046875 0.525041015625 0.45640625 0.561685546875 0.475232421875 0.566029296875
0 0.435015625 0.546478515625 0.440283203125 0.528154296875 0.431375 0.51925 0.42432421875 0.542873046875 0.435015625 0.546478515625
0 0.41887109375 0.53371484375 0.42134375 0.521677734375 0.404837890625 0.516837890625 0.40791015625 0.538482421875 0.41887109375 0.53371484375
0 0.55208984375 0.62651171875 0.56571875 0.63178515625 0.56458984375 0.600109375 0.55117578125 0.605845703125 0.55208984375 0.62651171875
0 0.535802734375 0.6259609375 0.54248046875 0.585443359375 0.519302734375 0.58237109375 0.51453125 0.623005859375 0.535802734375 0.6259609375