1 0.63090625 0.549748046875 0.631791015625 0.54439453125 0.70121484375 0.297435546875 0.299662109375 0.233984375 0.237 0.47040625 0.63090625 0.549748046875
0 0.335349609375 0.295755859375 0.35237109375 0.2544453125 0.338150390625 0.249572265625 0.3200703125 0.29106640625 0.335349609375 0.295755859375
0 0.31319921875 0.35855859375 0.332189453125 0.308140625 0.316427734375 0.306517578125 0.299205078125 0.355888671875 0.31319921875 0.35855859375
0 0.294625 0.416646484375 0.304880859375 0.373568359375 0.29646875 0.36522265625 0.280208984375 0.414876953125 0.294625 0.416646484375
0 0.258990234375 0.467921875 0.273935546875 0.47373046875 0.282373046875 0.459185546875 0.29423046875 0.463208984375 0.3001015625 0.475625 0.301228515625 0.4802109375 0.32284375 0.48383203125 0.363349609375 0.493251953125 0.3953203125 0.499650390625 0.411314453125 0.498076171875 0.42846875 0.487443359375 0.43029296875 0.50446875 0.433224609375 0.516091796875 0.46590625 0.517693359375 0.48121484375 0.52036328125 0.496470703125 0.509634765625 0.5075546875 0.50059765625 0.522994140625 0.51251953125 0.548044921875 0.507041015625 0.561634765625 0.518970703125 0.5786328125 0.52266796875 0.58378515625 0.512177734375 0.59022265625 0.504021484375 0.600888671875 0.498494140625 0.60323046875 0.48003515625 0.582427734375 0.48269921875 0.5710625 0.501171875 0.560302734375 0.50521875 0.560734375 0.49424609375 0.566146484375 0.483505859375 0.57121484375 0.472302734375 0.553763671875 0.46964453125 0.537896484375 0.466046875 0.5298984375 0.485720703125 0.527228515625 0.500078125 0.51568359375 0.500611328125 0.5071640625 0.4804609375 0.521478515625 0.46246875 0.531490234375 0.441833984375 0.535560546875 0.430265625 0.52512890625 0.416447265625 0.5061328125 0.4122265625 0.501205078125 0.40629296875 0.49401953125 0.391662109375 0.48334375 0.416755859375 0.472240234375 0.41887890625 0.47434375 0.3915703125 0.4628671875 0.390443359375 0.452822265625 0.407521484375 0.4308203125 0.393263671875 0.412865234375 0.392728515625 0.404203125 0.38397265625 0.389265625 0.421681640625 0.38383203125 0.434212890625 0.378779296875 0.410380859375 0.388384765625 0.386126953125 0.3773984375 0.375533203125 0.3601953125 0.383515625 0.352421875 0.40165625 0.33536328125 0.39223046875 0.332044921875 0.377673828125 0.319033203125 0.37761328125 0.3142421875 0.385958984375 0.31119140625 0.405087890625 0.301033203125 0.422916015625 0.281791015625 0.42216796875 0.26734765625 0.439669921875 0.258990234375 0.467921875
0 0.53804296875 0.4427578125 0.544974609375 0.454982421875 0.562154296875 0.45524609375 0.57638671875 0.465345703125 0.58729296875 0.449048828125 0.58995703125 0.4203984375 0.586154296875 0.40903125 0.565552734375 0.41636328125 0.55533203125 0.423119140625 0.550111328125 0.409017578125 0.54405078125 0.412044921875 0.53804296875 0.4427578125
0 0.588744140625 0.45474609375 0.59653515625 0.47055078125 0.625935546875 0.473365234375 0.63130078125 0.459294921875 0.61840625 0.459294921875 0.6125859375 0.447693359375 0.626396484375 0.440583984375 0.63927734375 0.44051171875 0.641994140625 0.426556640625 0.63458203125 0.42548828125 0.616705078125 0.4355703125 0.607955078125 0.441083984375 0.605837890625 0.434197265625 0.6111328125 0.423927734375 0.602015625 0.427728515625 0.588744140625 0.45474609375
0 0.4355625 0.374134765625 0.45430859375 0.38191796875 0.46496484375 0.35187890625 0.457095703125 0.33905859375 0.4454453125 0.34664453125 0.4355625 0.374134765625
0 0.481236328125 0.386435546875 0.49749609375 0.340416015625 0.4808046875 0.3346953125 0.46244140625 0.38188671875 0.481236328125 0.386435546875
0 0.510740234375 0.38896875 0.523009765625 0.344880859375 0.5095703125 0.34115234375 0.491267578125 0.386900390625 0.510740234375 0.38896875
0 0.539494140625 0.395685546875 0.551033203125 0.348080078125 0.533478515625 0.34546875 0.521009765625 0.392224609375 0.539494140625 0.395685546875
0 0.566078125 0.398943359375 0.58301171875 0.35194140625 0.56416796875 0.348197265625 0.54603515625 0.39735546875 0.566078125 0.398943359375
0 0.57863671875 0.40009375 0.597572265625 0.40383203125 0.594384765625 0.359255859375 0.592306640625 0.3584140625 0.57863671875 0.40009375
0 0.501046875 0.32926953125 0.51548828125 0.28241015625 0.4972421875 0.281859375 0.481169921875 0.32423828125 0.501046875 0.32926953125
0 0.523884765625 0.330857421875 0.54463671875 0.287078125 0.527181640625 0.286556640625 0.50934765625 0.328990234375 0.523884765625 0.330857421875
0 0.53667578125 0.332689453125 0.551767578125 0.335296875 0.565341796875 0.29536328125 0.54780859375 0.30085546875 0.53667578125 0.332689453125
0 0.5783828125 0.337384765625 0.589197265625 0.323150390625 0.582365234375 0.30358203125 0.56738671875 0.329423828125 0.5783828125 0.337384765625
0 0.68168359375 0.3029140625 0.667490234375 0.30416796875 0.65955859375 0.34775 0.68168359375 0.3029140625
0 0.64039453125 0.40851953125 0.671408203125 0.365609375 0.648703125 0.361701171875 0.635166015625 0.397455078125 0.64039453125 0.40851953125
0 0.32056640625 0.3328359375 0.3284609375 0.339095703125 0.344103515625 0.33567578125 0.332865234375 0.325888671875 0.33044140625 0.325328125 0.32056640625 0.3328359375
0 0.614931640625 0.531142578125 0.627361328125 0.485453125 0.60842578125 0.483447265625 0.59599609375 0.526986328125 0.614931640625 0.531142578125
0 0.385921875 0.36515234375 0.39605078125 0.3668671875 0.404751953125 0.346025390625 0.402240234375 0.335078125 0.39557421875 0.343078125 0.385921875 0.36515234375
0 0.405119140625 0.371890625 0.4246015625 0.376240234375 0.43274609375 0.335642578125 0.422361328125 0.337861328125 0.405119140625 0.371890625
0 0.456453125 0.3153203125 0.471685546875 0.319923828125 0.48584765625 0.288052734375 0.476810546875 0.2791484375 0.468884765625 0.279248046875 0.456453125 0.3153203125
0 0.357041015625 0.36333203125 0.37153125 0.359337890625 0.386087890625 0.32112890625 0.36834375 0.341857421875 0.357619140625 0.349521484375 0.357041015625 0.36333203125
0 0.414439453125 0.313490234375 0.423685546875 0.29165234375 0.422576171875 0.279712890625 0.401078125 0.306763671875 0.414439453125 0.313490234375
0 0.60350390625 0.399419921875 0.61971484375 0.406900390625 0.63386328125 0.359935546875 0.621849609375 0.37552734375 0.60350390625 0.399419921875