1 0.81303125 0.31855078125 0.61837890625 0.2317578125 0.47091796875 0.322029296875 0.664435546875 0.42796484375 0.81303125 0.31855078125
0 0.507572265625 0.3223515625 0.49442578125 0.325373046875 0.5012890625 0.3364765625 0.5133046875 0.33981640625 0.52668359375 0.3406953125 0.53358984375 0.339462890625 0.527525390625 0.33116796875 0.537505859375 0.325556640625 0.541197265625 0.315869140625 0.53074609375 0.307068359375 0.523892578125 0.30066796875 0.51975390625 0.3135234375 0.507572265625 0.3223515625
0 0.540267578125 0.33735546875 0.544986328125 0.343857421875 0.549548828125 0.354583984375 0.5699296875 0.343421875 0.570673828125 0.33693359375 0.559669921875 0.330818359375 0.551439453125 0.319515625 0.537685546875 0.327634765625 0.540267578125 0.33735546875
0 0.5659453125 0.368267578125 0.573525390625 0.36084765625 0.597189453125 0.350009765625 0.57851953125 0.338982421875 0.57850390625 0.340296875 0.55904296875 0.361921875 0.5659453125 0.368267578125
0 0.59030859375 0.375392578125 0.61075 0.36044140625 0.60025390625 0.35286328125 0.57549609375 0.372755859375 0.59030859375 0.375392578125
0 0.616728515625 0.382642578125 0.6317265625 0.3699375 0.6191015625 0.36349609375 0.603017578125 0.37775 0.616728515625 0.382642578125
0 0.621240234375 0.39288671875 0.631505859375 0.39416015625 0.653865234375 0.38037109375 0.63794921875 0.3721953125 0.634369140625 0.3839765625 0.621240234375 0.39288671875
0 0.64587890625 0.400083984375 0.65912890625 0.39964453125 0.67148046875 0.39178125 0.677224609375 0.387224609375 0.668921875 0.38094921875 0.660244140625 0.38149609375 0.65921484375 0.388626953125 0.641548828125 0.38833984375 0.64587890625 0.400083984375
0 0.669130859375 0.419552734375 0.695037109375 0.4034140625 0.68386328125 0.395392578125 0.66426953125 0.410328125 0.669130859375 0.419552734375
0 0.556626953125 0.306224609375 0.55291796875 0.317212890625 0.57017578125 0.322357421875 0.5918671875 0.306310546875 0.581404296875 0.296318359375 0.564546875 0.31061328125 0.556626953125 0.306224609375
0 0.575583984375 0.33090234375 0.58835546875 0.33008203125 0.61119921875 0.31502734375 0.596869140625 0.310333984375 0.573078125 0.326228515625 0.575583984375 0.33090234375
0 0.6077109375 0.3423984375 0.6334921875 0.32542578125 0.61716796875 0.319033203125 0.5975234375 0.333384765625 0.6077109375 0.3423984375
0 0.6291484375 0.3510703125 0.652251953125 0.33519921875 0.638916015625 0.329181640625 0.62194921875 0.347623046875 0.6291484375 0.3510703125
0 0.63430078125 0.361927734375 0.6494453125 0.360951171875 0.67328125 0.345822265625 0.6606640625 0.3373984375 0.631751953125 0.347974609375 0.63430078125 0.361927734375
0 0.672625 0.370541015625 0.692873046875 0.3571875 0.679193359375 0.351197265625 0.664486328125 0.36369140625 0.672625 0.370541015625
0 0.7059140625 0.394091796875 0.7296875 0.37548046875 0.717208984375 0.3688125 0.69941015625 0.38637109375 0.7059140625 0.394091796875
0 0.584021484375 0.28850390625 0.6098828125 0.275275390625 0.594453125 0.264904296875 0.576640625 0.278615234375 0.584021484375 0.28850390625
0 0.60252734375 0.2972890625 0.630982421875 0.283701171875 0.616201171875 0.276501953125 0.596548828125 0.290130859375 0.60252734375 0.2972890625
0 0.626810546875 0.307361328125 0.649990234375 0.293021484375 0.639400390625 0.28616796875 0.6170625 0.30260546875 0.626810546875 0.307361328125
0 0.655103515625 0.31434375 0.667384765625 0.307837890625 0.675369140625 0.310271484375 0.6602265625 0.32249609375 0.67041796875 0.328169921875 0.6857890625 0.31598046875 0.681525390625 0.331240234375 0.689724609375 0.33234375 0.7000546875 0.343568359375 0.71123046875 0.338482421875 0.70333203125 0.3275078125 0.7163984375 0.328341796875 0.720654296875 0.3188125 0.707931640625 0.314439453125 0.704283203125 0.3015 0.689498046875 0.29886328125 0.675595703125 0.29422265625 0.67488671875 0.287533203125 0.66534375 0.287533203125 0.6629375 0.28797265625 0.6722109375 0.283576171875 0.68315234375 0.275412109375 0.677123046875 0.264326171875 0.663908203125 0.2739609375 0.65206640625 0.280693359375 0.654923828125 0.287291015625 0.641806640625 0.286908203125 0.626677734375 0.2934296875 0.644716796875 0.3026015625 0.6385234375 0.31594140625 0.655103515625 0.31434375
0 0.6181796875 0.2681015625 0.633279296875 0.267662109375 0.636455078125 0.27634375 0.65039453125 0.2715078125 0.64994921875 0.2588984375 0.65456640625 0.254962890625 0.62925 0.2392890625 0.61828125 0.255482421875 0.6181796875 0.2681015625
0 0.716986328125 0.34428125 0.7156171875 0.35519140625 0.73471484375 0.351267578125 0.732369140625 0.345837890625 0.75412109375 0.35156640625 0.74757421875 0.362275390625 0.766861328125 0.35198046875 0.771771484375 0.340392578125 0.7574765625 0.335220703125 0.748974609375 0.324212890625 0.734125 0.3233828125 0.72695703125 0.3351171875 0.716986328125 0.34428125
0 0.76796484375 0.329708984375 0.787326171875 0.336130859375 0.795673828125 0.326671875 0.789736328125 0.3183671875 0.766505859375 0.317099609375 0.760177734375 0.322193359375 0.76796484375 0.329708984375
0 0.739458984375 0.3126171875 0.752728515625 0.32036328125 0.767583984375 0.312306640625 0.75371484375 0.296498046875 0.74620703125 0.298734375 0.7399609375 0.305724609375 0.739458984375 0.3126171875
0 0.723771484375 0.304107421875 0.747041015625 0.3007265625 0.7466015625 0.29075 0.724427734375 0.2930078125 0.7150703125 0.3003828125 0.723771484375 0.304107421875
0 0.706021484375 0.282865234375 0.69062890625 0.27215234375 0.6862265625 0.287818359375 0.706021484375 0.282865234375