1 0.6648515625 0.67800390625 0.709177734375 0.37971875 0.359322265625 0.341189453125 0.268587890625 0.6270078125 0.6648515625 0.67800390625
0 0.33813671875 0.585203125 0.361431640625 0.584935546875 0.34676171875 0.56828515625 0.33385546875 0.570955078125 0.326966796875 0.577 0.33813671875 0.585203125
0 0.315388671875 0.623724609375 0.322421875 0.607271484375 0.329126953125 0.6119765625 0.345462890625 0.622607421875 0.37434765625 0.62815625 0.367435546875 0.618529296875 0.38412890625 0.61263671875 0.35215625 0.595328125 0.2874375 0.613884765625 0.27669921875 0.62208984375 0.315388671875 0.623724609375
0 0.446572265625 0.6345390625 0.46248046875 0.6345390625 0.4671484375 0.6197421875 0.4570234375 0.617283203125 0.435638671875 0.62145703125 0.446572265625 0.6345390625
0 0.549224609375 0.646548828125 0.553755859375 0.6272421875 0.482935546875 0.622583984375 0.47646875 0.633060546875 0.549224609375 0.646548828125
0 0.63862109375 0.659201171875 0.641296875 0.6389453125 0.6139609375 0.629958984375 0.563033203125 0.633185546875 0.561767578125 0.648935546875 0.63862109375 0.659201171875
0 0.6440625 0.62777734375 0.6440625 0.61201953125 0.60667578125 0.606669921875 0.567154296875 0.6013828125 0.564783203125 0.6157109375 0.6440625 0.62777734375
0 0.55414453125 0.61476953125 0.555216796875 0.60650390625 0.490591796875 0.58548046875 0.49687890625 0.60346484375 0.55414453125 0.61476953125
0 0.415876953125 0.59133984375 0.427833984375 0.58198046875 0.45102734375 0.591525390625 0.45885546875 0.5822734375 0.4051953125 0.573701171875 0.4015234375 0.59133984375 0.415876953125 0.59133984375
0 0.6459765625 0.596765625 0.648373046875 0.582953125 0.57578515625 0.56884375 0.576578125 0.5707578125 0.5713203125 0.58670703125 0.6459765625 0.596765625
0 0.55971875 0.584447265625 0.56453125 0.5683984375 0.503548828125 0.561923828125 0.500326171875 0.5744921875 0.55971875 0.584447265625
0 0.452373046875 0.5685078125 0.4616015625 0.564044921875 0.475099609375 0.56614453125 0.472447265625 0.554775390625 0.442162109375 0.549041015625 0.4110859375 0.55191015625 0.406953125 0.561171875 0.452373046875 0.5685078125
0 0.630142578125 0.569384765625 0.64428515625 0.56556640625 0.654298828125 0.557849609375 0.63094921875 0.5481640625 0.582845703125 0.54183984375 0.582921875 0.543146484375 0.5800859375 0.557072265625 0.630142578125 0.569384765625
0 0.65728515625 0.540904296875 0.660490234375 0.52398046875 0.58364453125 0.5189296875 0.58132421875 0.530107421875 0.65728515625 0.540904296875
0 0.593388671875 0.48642578125 0.592853515625 0.499716796875 0.61105859375 0.502177734375 0.62903125 0.506759765625 0.65494140625 0.517404296875 0.66909765625 0.512669921875 0.664330078125 0.4959609375 0.626033203125 0.48642578125 0.593388671875 0.48642578125
0 0.66108203125 0.472587890625 0.6567109375 0.46591796875 0.6302265625 0.46488671875 0.599416015625 0.463814453125 0.595060546875 0.478203125 0.664330078125 0.48889453125 0.666744140625 0.48093359375 0.66108203125 0.472587890625
0 0.60806640625 0.422087890625 0.5803828125 0.44708203125 0.591845703125 0.447123046875 0.60375390625 0.443248046875 0.61774609375 0.453021484375 0.64060546875 0.457658203125 0.663876953125 0.458193359375 0.673970703125 0.441376953125 0.6498828125 0.445126953125 0.6262109375 0.442572265625 0.608380859375 0.434123046875 0.611798828125 0.429140625 0.60806640625 0.422087890625
0 0.563640625 0.556404296875 0.5668359375 0.543220703125 0.498837890625 0.533654296875 0.49673046875 0.54369921875 0.563640625 0.556404296875
0 0.437533203125 0.53445703125 0.479998046875 0.545548828125 0.486375 0.53381640625 0.4205078125 0.52128515625 0.426892578125 0.52829296875 0.437533203125 0.53445703125
0 0.491826171875 0.518474609375 0.49444140625 0.5067109375 0.440814453125 0.50296875 0.430935546875 0.508296875 0.491826171875 0.518474609375
0 0.57364453125 0.530279296875 0.57257421875 0.513994140625 0.5047265625 0.505384765625 0.5014375 0.51776953125 0.57364453125 0.530279296875
0 0.47400390625 0.48979296875 0.4898046875 0.478396484375 0.439943359375 0.4759375 0.434654296875 0.481119140625 0.47400390625 0.48979296875
0 0.575921875 0.50312109375 0.577529296875 0.489435546875 0.52085546875 0.485041015625 0.509568359375 0.4925625 0.575921875 0.50312109375
0 0.581458984375 0.47755859375 0.58305859375 0.460693359375 0.521216796875 0.45237890625 0.514154296875 0.46503125 0.581458984375 0.47755859375
0 0.671365234375 0.40922265625 0.676126953125 0.393544921875 0.61426953125 0.390541015625 0.6089296875 0.40046484375 0.671365234375 0.40922265625
0 0.665310546875 0.435181640625 0.670908203125 0.42130078125 0.6119140625 0.41233203125 0.609970703125 0.42558984375 0.665310546875 0.435181640625
0 0.588544921875 0.426541015625 0.590150390625 0.416505859375 0.54359765625 0.410564453125 0.53586328125 0.41665625 0.588544921875 0.426541015625
0 0.334103515625 0.553900390625 0.3956953125 0.561626953125 0.3907109375 0.551505859375 0.36926953125 0.54484375 0.340513671875 0.54576953125 0.334103515625 0.553900390625