1 0.6886875 0.566421875 0.57886328125 0.354283203125 0.2276328125 0.38984765625 0.29692578125 0.631716796875 0.6886875 0.566421875
0 0.257451171875 0.451064453125 0.270177734375 0.4454921875 0.287333984375 0.4485703125 0.29104296875 0.434302734375 0.28108984375 0.423248046875 0.264767578125 0.420994140625 0.253826171875 0.433119140625 0.257451171875 0.451064453125
0 0.3070546875 0.44353125 0.3203046875 0.437892578125 0.3150078125 0.42433203125 0.305861328125 0.4121875 0.296529296875 0.423 0.3070546875 0.44353125
0 0.338462890625 0.436943359375 0.352578125 0.439384765625 0.358705078125 0.430951171875 0.349455078125 0.426375 0.341671875 0.411013671875 0.33322265625 0.423330078125 0.338462890625 0.436943359375
0 0.277390625 0.47242578125 0.281890625 0.49925390625 0.298310546875 0.499294921875 0.3004453125 0.488828125 0.2970546875 0.4568046875 0.284220703125 0.460044921875 0.277390625 0.47242578125
0 0.3216484375 0.492236328125 0.34526171875 0.489591796875 0.3290703125 0.452013671875 0.31877734375 0.45328125 0.3088046875 0.45751953125 0.3216484375 0.492236328125
0 0.38091015625 0.48576171875 0.366455078125 0.44540625 0.34343359375 0.449171875 0.35959375 0.49033984375 0.38091015625 0.48576171875
0 0.3809672697892704 0.4448616687401544 0.392708984375 0.486453125 0.4136875 0.48182421875 0.40134765625 0.442486328125 0.3809672697892704 0.4448616687401544
0 0.44084375 0.4786875 0.440955078125 0.46576171875 0.42796875 0.462673828125 0.42298046875 0.4802890625 0.44084375 0.4786875
0 0.45801171875 0.470046875 0.47426171875 0.470986328125 0.463931640625 0.44811328125 0.4520390625 0.44271484375 0.445919921875 0.451447265625 0.45801171875 0.470046875
0 0.298318359375 0.545572265625 0.31337890625 0.54981640625 0.30966015625 0.507763671875 0.290361328125 0.50723046875 0.28966796875 0.531220703125 0.298318359375 0.545572265625
0 0.30947265625 0.59570703125 0.326029296875 0.6076875 0.342005859375 0.596232421875 0.326642578125 0.559650390625 0.300578125 0.560712890625 0.299337890625 0.582236328125 0.30947265625 0.59570703125
0 0.33626171875 0.548814453125 0.349109375 0.5482578125 0.34272265625 0.52901171875 0.340498046875 0.50259375 0.331248046875 0.525662109375 0.33626171875 0.548814453125
0 0.343259765625 0.570705078125 0.350060546875 0.586728515625 0.35165625 0.6059453125 0.371904296875 0.6003828125 0.369220703125 0.587130859375 0.35634765625 0.556603515625 0.341671875 0.55378515625 0.343259765625 0.570705078125
0 0.3707265625 0.539728515625 0.388548828125 0.541291015625 0.391947265625 0.531962890625 0.37057421875 0.518951171875 0.365154296875 0.501419921875 0.361150390625 0.51196875 0.3707265625 0.539728515625
0 0.378076171875 0.563837890625 0.395166015625 0.598443359375 0.415732421875 0.59383984375 0.40879296875 0.56473828125 0.393998046875 0.563935546875 0.381591796875 0.54955859375 0.383236328125 0.56371484375 0.378076171875 0.563837890625
0 0.42207421875 0.526056640625 0.4310078125 0.5298359375 0.4145625 0.493560546875 0.402138671875 0.493201171875 0.41225390625 0.518556640625 0.42207421875 0.526056640625
0 0.448029296875 0.583802734375 0.4339921875 0.542251953125 0.413880859375 0.5472109375 0.42546484375 0.5916328125 0.448029296875 0.583802734375
0 0.443716796875 0.528373046875 0.462248046875 0.526552734375 0.450208984375 0.485619140625 0.43325390625 0.48615625 0.42774609375 0.494833984375 0.443716796875 0.528373046875
0 0.48236328125 0.579890625 0.466044921875 0.535326171875 0.4479296875 0.5389921875 0.4625 0.584494140625 0.48236328125 0.579890625
0 0.489703125 0.517216796875 0.4676875 0.4975546875 0.47729296875 0.52121875 0.489703125 0.517216796875
0 0.496279296875 0.564888671875 0.495212890625 0.580265625 0.50701171875 0.58026953125 0.51929296875 0.571830078125 0.541517578125 0.562818359375 0.526919921875 0.556544921875 0.5193671875 0.54502734375 0.50239453125 0.530111328125 0.48021875 0.53253515625 0.48400390625 0.551201171875 0.496279296875 0.564888671875
0 0.509384765625 0.517634765625 0.52950390625 0.513017578125 0.520162109375 0.501822265625 0.51588671875 0.47857421875 0.500765625 0.482046875 0.502236328125 0.506453125 0.509384765625 0.517634765625
0 0.5530078125 0.567951171875 0.535892578125 0.524423828125 0.514267578125 0.529599609375 0.53202734375 0.574310546875 0.5530078125 0.567951171875
0 0.546697265625 0.481125 0.5352332177077148 0.48088192600569857 0.52433203125 0.4873515625 0.539857421875 0.5073515625 0.55433984375 0.507884765625 0.546697265625 0.481125
0 0.5734453125 0.56505859375 0.5860703125 0.5506015625 0.57523828125 0.553150390625 0.562466796875 0.542478515625 0.573396484375 0.531583984375 0.5656796875 0.518697265625 0.54773046875 0.523728515625 0.563103515625 0.56808984375 0.5734453125 0.56505859375
0 0.57333203125 0.505744140625 0.5874921875 0.505267578125 0.581056640625 0.492638671875 0.565341796875 0.47558984375 0.55744921875 0.4855859375 0.57333203125 0.505744140625
0 0.6159609375 0.553748046875 0.597314453125 0.516689453125 0.579431640625 0.521380859375 0.597015625 0.556900390625 0.6159609375 0.553748046875
0 0.646744140625 0.547173828125 0.63110546875 0.513833984375 0.6111328125 0.515509765625 0.62573828125 0.550912109375 0.646744140625 0.547173828125
0 0.615755859375 0.453322265625 0.633748046875 0.441740234375 0.63084765625 0.414736328125 0.613330078125 0.40602734375 0.6029140625 0.411599609375 0.606130859375 0.448703125 0.615755859375 0.453322265625