1 0.790775390625 0.602826171875 0.70828125 0.364634765625 0.3044609375 0.436265625 0.367619140625 0.6798671875 0.790775390625 0.602826171875
0 0.351958984375 0.481865234375 0.3499140625 0.460408203125 0.33944921875 0.440072265625 0.323451171875 0.44262109375 0.328931640625 0.4842890625 0.351958984375 0.481865234375
0 0.39365625 0.473701171875 0.388140625 0.463541015625 0.37221875 0.46101171875 0.36802734375 0.44389453125 0.367958984375 0.443001953125 0.36441796875 0.476646484375 0.39365625 0.473701171875
0 0.4316484375 0.459263671875 0.429365234375 0.432689453125 0.41365234375 0.435517578125 0.40304296875 0.439234375 0.4078984375 0.461556640625 0.4316484375 0.459263671875
0 0.4514375 0.462748046875 0.443740234375 0.42780859375 0.43239453125 0.43133203125 0.4289921875 0.463341796875 0.4514375 0.462748046875
0 0.483828125 0.458837890625 0.471392578125 0.429185546875 0.45328125 0.42907421875 0.463083984375 0.46083203125 0.483828125 0.458837890625
0 0.372328125 0.539880859375 0.36080859375 0.495109375 0.338783203125 0.49773828125 0.34621484375 0.543984375 0.372328125 0.539880859375
0 0.3892109375 0.601515625 0.376607421875 0.555095703125 0.35449609375 0.55833984375 0.3621015625 0.6067109375 0.3892109375 0.601515625
0 0.419052734375 0.587732421875 0.41440625 0.563228515625 0.3911875 0.564548828125 0.395080078125 0.58898046875 0.419052734375 0.587732421875
0 0.405376953125 0.527787109375 0.379333984375 0.488908203125 0.385576171875 0.53680859375 0.405376953125 0.527787109375
0 0.43499609375 0.52786328125 0.42583203125 0.484853515625 0.40981640625 0.48721484375 0.413806640625 0.53192578125 0.43499609375 0.52786328125
0 0.460703125 0.528873046875 0.470759765625 0.51871875 0.44425 0.4906015625 0.44749609375 0.52854296875 0.460703125 0.528873046875
0 0.50470703125 0.5208984375 0.488095703125 0.473412109375 0.47134375 0.4793125 0.48016796875 0.51740625 0.50470703125 0.5208984375
0 0.451765625 0.588748046875 0.45719921875 0.574291015625 0.4290078125 0.548744140625 0.439005859375 0.5823203125 0.451765625 0.588748046875
0 0.489337890625 0.578359375 0.47540234375 0.547455078125 0.458361328125 0.5481796875 0.468435546875 0.5793359375 0.489337890625 0.578359375
0 0.516189453125 0.568578125 0.51394921875 0.544822265625 0.493359375 0.5436640625 0.495970703125 0.568064453125 0.516189453125 0.568578125
0 0.505921875 0.64326171875 0.493556640625 0.5957578125 0.473037109375 0.5972890625 0.485111328125 0.645591796875 0.505921875 0.64326171875
0 0.523693359375 0.648525390625 0.55262109375 0.642626953125 0.53520703125 0.6071640625 0.5136796875 0.598982421875 0.513689453125 0.63569140625 0.523693359375 0.648525390625
0 0.555439453125 0.62059765625 0.56905078125 0.6271484375 0.578466796875 0.613259765625 0.55262890625 0.586 0.545470703125 0.594634765625 0.555439453125 0.62059765625
0 0.51991796875 0.51574609375 0.5345390625 0.516734375 0.526125 0.496154296875 0.517630859375 0.4990703125 0.509052734375 0.508052734375 0.51991796875 0.51574609375
0 0.528609375 0.451599609375 0.541705078125 0.451087890625 0.539150390625 0.40955859375 0.5311796875 0.406494140625 0.52462109375 0.423421875 0.528609375 0.451599609375
0 0.561037109375 0.504533203125 0.552876953125 0.460716796875 0.53230859375 0.461814453125 0.545248046875 0.508916015625 0.561037109375 0.504533203125
0 0.574984375 0.441369140625 0.569400390625 0.41058984375 0.5537578125 0.405365234375 0.554208984375 0.446806640625 0.574984375 0.441369140625
0 0.583810546875 0.427126953125 0.595021484375 0.43445703125 0.608591796875 0.39459375 0.58819140625 0.39802734375 0.587349609375 0.39952734375 0.583810546875 0.427126953125
0 0.594904296875 0.5037890625 0.581986328125 0.4558125 0.567306640625 0.459556640625 0.575666015625 0.504302734375 0.594904296875 0.5037890625
0 0.62453515625 0.489712890625 0.6166328125 0.45121484375 0.59496484375 0.45165234375 0.60734375 0.494791015625 0.62453515625 0.489712890625
0 0.62591796875 0.541197265625 0.63940625 0.52506640625 0.63008203125 0.509955078125 0.60794921875 0.52503515625 0.6092890625 0.536677734375 0.62591796875 0.541197265625
0 0.648169921875 0.6030390625 0.63933203125 0.587298828125 0.620931640625 0.587693359375 0.621654296875 0.61986328125 0.648169921875 0.6030390625
0 0.670859375 0.426712890625 0.65753125 0.39382421875 0.6429453125 0.39802734375 0.65159375 0.429703125 0.670859375 0.426712890625
0 0.678140625 0.41763671875 0.692501953125 0.416658203125 0.695068359375 0.3985703125 0.715837890625 0.3924140625 0.71073828125 0.369185546875 0.683587890625 0.369802734375 0.670349609375 0.39630078125 0.678140625 0.41763671875
0 0.6404609375 0.43235546875 0.62733203125 0.392046875 0.61246484375 0.397462890625 0.619107421875 0.4337265625 0.6404609375 0.43235546875
0 0.6331764182368099 0.4506242158833341 0.639259765625 0.487349609375 0.656935546875 0.483810546875 0.649109375 0.451580078125 0.6331764182368099 0.4506242158833341
0 0.688232421875 0.480728515625 0.679255859375 0.44007421875 0.65705859375 0.440927734375 0.66879296875 0.48277734375 0.688232421875 0.480728515625
0 0.7056652756873287 0.44561305146983454 0.70234765625 0.46521875 0.7230703125 0.4657265625 0.7226328125 0.4502109375 0.7056652756873287 0.44561305146983454
0 0.68275390625 0.549388671875 0.66943359375 0.5055625 0.653107421875 0.50584375 0.662423828125 0.553474609375 0.68275390625 0.549388671875
0 0.70083203125 0.612255859375 0.711197265625 0.598072265625 0.6995234375 0.575423828125 0.681330078125 0.575837890625 0.679662109375 0.6079140625 0.70083203125 0.612255859375
0 0.635732421875 0.56984375 0.6588125 0.587744140625 0.660626953125 0.5638046875 0.643509765625 0.5617265625 0.64275 0.560767578125 0.635732421875 0.56984375
0 0.732306640625 0.602013671875 0.7217578125 0.554349609375 0.69939453125 0.557775390625 0.714724609375 0.605166015625 0.732306640625 0.602013671875
0 0.71282421875 0.543109375 0.696443359375 0.49757421875 0.685845703125 0.497939453125 0.69480078125 0.545099609375 0.71282421875 0.543109375
0 0.58519921875 0.56850390625 0.567701171875 0.516107421875 0.5515 0.519390625 0.562236328125 0.570501953125 0.58519921875 0.56850390625
0 0.552 0.569673828125 0.538138671875 0.5289296875 0.519888671875 0.5306796875 0.53033203125 0.574353515625 0.552 0.569673828125
0 0.61810546875 0.5577421875 0.6030078125 0.51601171875 0.586498046875 0.519955078125 0.59619140625 0.5622109375 0.61810546875 0.5577421875
0 0.601638671875 0.626564453125 0.606251953125 0.614287109375 0.57803125 0.590515625 0.580830078125 0.617935546875 0.601638671875 0.626564453125