1 0.703341796875 0.5838359375 0.588466796875 0.37065234375 0.339701171875 0.398806640625 0.4240078125 0.633431640625 0.703341796875 0.5838359375
0 0.37375 0.43553125 0.3626953125 0.404216796875 0.349767578125 0.40426171875 0.35528125 0.43818359375 0.37375 0.43553125
0 0.39159765625 0.47830859375 0.377462890625 0.442783203125 0.360904296875 0.443857421875 0.373853515625 0.480552734375 0.39159765625 0.47830859375
0 0.423609375 0.57253515625 0.4186328125 0.55654296875 0.44027734375 0.5415625 0.457716796875 0.5258984375 0.458888671875 0.510857421875 0.443365234375 0.514603515625 0.414322265625 0.5132890625 0.39298828125 0.48420703125 0.376578125 0.485103515625 0.40113671875 0.56608984375 0.423609375 0.57253515625
0 0.379888671875 0.433251953125 0.398291015625 0.43161328125 0.388126953125 0.39919140625 0.372453125 0.401787109375 0.373267578125 0.402083984375 0.379888671875 0.433251953125
0 0.42253515625 0.428255859375 0.41094140625 0.39794140625 0.39390234375 0.400548828125 0.403126953125 0.4304140625 0.42253515625 0.428255859375
0 0.446998046875 0.426630859375 0.4321015625 0.3951484375 0.41782421875 0.39807421875 0.42841015625 0.42644921875 0.446998046875 0.426630859375
0 0.468294921875 0.422958984375 0.453646484375 0.39324609375 0.441333984375 0.395599609375 0.451396484375 0.42512890625 0.468294921875 0.422958984375
0 0.489701171875 0.4189296875 0.478546875 0.390490234375 0.462369140625 0.393125 0.473734375 0.42115234375 0.489701171875 0.4189296875
0 0.512052734375 0.4125625 0.49984375 0.387890625 0.483818359375 0.388587890625 0.4957734375 0.417380859375 0.512052734375 0.4125625
0 0.53429296875 0.410583984375 0.5223984375 0.38767578125 0.509720703125 0.388390625 0.518734375 0.412833984375 0.53429296875 0.410583984375
0 0.556060546875 0.407224609375 0.5444296875 0.38441015625 0.53042578125 0.386525390625 0.541375 0.4115859375 0.556060546875 0.407224609375
0 0.580814453125 0.405125 0.56787109375 0.3802578125 0.551873046875 0.3832265625 0.56391796875 0.408634765625 0.580814453125 0.405125
0 0.41423046875 0.473818359375 0.401052734375 0.440009765625 0.3873515625 0.442654296875 0.398474609375 0.47519921875 0.41423046875 0.473818359375
0 0.438224609375 0.470083984375 0.426947265625 0.438712890625 0.409576171875 0.437669921875 0.423037109375 0.47215625 0.438224609375 0.470083984375
0 0.459248046875 0.46378515625 0.4497421875 0.437052734375 0.4351484375 0.43808203125 0.44713671875 0.46582421875 0.459248046875 0.46378515625
0 0.4859765625 0.46248046875 0.468568359375 0.433150390625 0.459482421875 0.434783203125 0.466060546875 0.465490234375 0.4859765625 0.46248046875
0 0.4837578125 0.434419921875 0.492697265625 0.46298828125 0.507712890625 0.46223828125 0.491703125 0.42961328125 0.4819609375 0.431513671875 0.481984375 0.4329609375 0.4837578125 0.434419921875
0 0.535076171875 0.457845703125 0.51936328125 0.427453125 0.50163671875 0.428205078125 0.51506640625 0.460166015625 0.535076171875 0.457845703125
0 0.552412109375 0.45384765625 0.54048046875 0.4264921875 0.5277578125 0.4268671875 0.53903515625 0.452376953125 0.552412109375 0.45384765625
0 0.430001953125 0.50798828125 0.421814453125 0.485126953125 0.405451171875 0.487166015625 0.41515234375 0.50533984375 0.430001953125 0.50798828125
0 0.454654296875 0.506205078125 0.442375 0.485173828125 0.42978515625 0.485103515625 0.439509765625 0.506205078125 0.454654296875 0.506205078125
0 0.4782890625 0.502728515625 0.46783203125 0.483255859375 0.4508203125 0.484279296875 0.462447265625 0.5056953125 0.4782890625 0.502728515625
0 0.5031796875 0.500734375 0.49055078125 0.475423828125 0.47928125 0.476853515625 0.486927734375 0.504400390625 0.5031796875 0.500734375
0 0.531267578125 0.505720703125 0.51878515625 0.481234375 0.502791015625 0.476853515625 0.511716796875 0.506095703125 0.531267578125 0.505720703125
0 0.553244140625 0.502734375 0.542322265625 0.4844140625 0.53125 0.48056640625 0.5351484375 0.5056875 0.553244140625 0.502734375
0 0.558240234375 0.534044921875 0.558240234375 0.517041015625 0.544037109375 0.5139765625 0.5457109375 0.533166015625 0.558240234375 0.534044921875
0 0.54283203125 0.534853515625 0.535021484375 0.514474609375 0.522216796875 0.513724609375 0.526287109375 0.537453125 0.54283203125 0.534853515625
0 0.473888671875 0.545962890625 0.48634375 0.554474609375 0.516111328125 0.537740234375 0.50237890625 0.515625 0.468326171875 0.52154296875 0.473888671875 0.545962890625
0 0.47711328125 0.564625 0.465072265625 0.53352734375 0.451646484375 0.536248046875 0.45918359375 0.566921875 0.47711328125 0.564625
0 0.45384375 0.568986328125 0.447169921875 0.549341796875 0.4310234375 0.552333984375 0.434 0.57116015625 0.45384375 0.568986328125
0 0.45828125 0.61319140625 0.445810546875 0.600291015625 0.4186484375 0.606779296875 0.419732421875 0.618068359375 0.45828125 0.61319140625
0 0.47690625 0.62266796875 0.45767578125 0.58193359375 0.442984375 0.58491796875 0.4564921875 0.624796875 0.47690625 0.62266796875
0 0.5018125 0.615205078125 0.48261328125 0.576650390625 0.466494140625 0.579556640625 0.48153125 0.619482421875 0.5018125 0.615205078125
0 0.5252890625 0.610271484375 0.5066796875 0.572181640625 0.491654296875 0.5741953125 0.507306640625 0.613404296875 0.5252890625 0.610271484375
0 0.551451171875 0.605884765625 0.5326015625 0.569083984375 0.51433984375 0.571306640625 0.530490234375 0.610259765625 0.551451171875 0.605884765625
0 0.575357421875 0.601693359375 0.5560703125 0.56376171875 0.538263671875 0.568419921875 0.55541796875 0.602349609375 0.575357421875 0.601693359375
0 0.58146875 0.600134765625 0.599927734375 0.596013671875 0.581083984375 0.5613046875 0.56053515625 0.5618203125 0.560048828125 0.56125 0.58146875 0.600134765625
0 0.6225703125 0.59171484375 0.60490625 0.55933203125 0.5898203125 0.560171875 0.6061875 0.593283203125 0.6225703125 0.59171484375
0 0.646931640625 0.58710546875 0.6257734375 0.5567734375 0.616216796875 0.55687109375 0.633296875 0.590314453125 0.646931640625 0.58710546875
0 0.66941015625 0.583341796875 0.65098828125 0.55146875 0.638490234375 0.55316015625 0.6538828125 0.58634375 0.66941015625 0.583341796875
0 0.64258203125 0.53592578125 0.6306171875 0.51443359375 0.614318359375 0.5070859375 0.631236328125 0.541599609375 0.64258203125 0.53592578125