1 0.72591015625 0.41482421875 0.490876953125 0.244859375 0.295681640625 0.364673828125 0.539068359375 0.54589453125 0.72591015625 0.41482421875
0 0.37301953125 0.35255859375 0.39690625 0.361361328125 0.416939453125 0.373478515625 0.41263671875 0.385794921875 0.376130859375 0.387671875 0.3494453125 0.381046875 0.359615234375 0.392521484375 0.365736328125 0.413140625 0.4475234375 0.482748046875 0.46509765625 0.487109375 0.48959765625 0.487994140625 0.506806640625 0.49803125 0.5217890625 0.498001953125 0.5441484375 0.501439453125 0.5304296875 0.527939453125 0.55058984375 0.530986328125 0.562357421875 0.519767578125 0.58712109375 0.514015625 0.64078515625 0.490734375 0.622328125 0.478158203125 0.60687109375 0.468447265625 0.593439453125 0.464185546875 0.588125 0.44206640625 0.573375 0.465861328125 0.56657421875 0.444328125 0.580474609375 0.416876953125 0.596 0.39472265625 0.5755 0.39016796875 0.545298828125 0.416306640625 0.513515625 0.430501953125 0.532392578125 0.41637890625 0.532212890625 0.390943359375 0.509734375 0.387875 0.4997109375 0.3695 0.473984375 0.373423828125 0.450837890625 0.37632421875 0.44612890625 0.359439453125 0.427248046875 0.343087890625 0.407865234375 0.347955078125 0.42200390625 0.3318828125 0.403875 0.329 0.380853515625 0.341025390625 0.375513671875 0.34226953125 0.37301953125 0.35255859375
0 0.4729140625 0.28721484375 0.48296484375 0.294228515625 0.513794921875 0.276791015625 0.505857421875 0.268064453125 0.504943359375 0.26758203125 0.4729140625 0.28721484375
0 0.496595703125 0.3107421875 0.5286796875 0.290748046875 0.52239453125 0.284603515625 0.4869765625 0.302865234375 0.496595703125 0.3107421875
0 0.50928125 0.32381640625 0.5451875 0.2993984375 0.53990625 0.29481640625 0.50058203125 0.315537109375 0.50928125 0.32381640625
0 0.5663203125 0.350126953125 0.59775 0.33800390625 0.5944921875 0.32389453125 0.579697265625 0.309345703125 0.5573634875760856 0.31597514300516544 0.556494140625 0.328041015625 0.57302734375 0.326513671875 0.56158984375 0.341380859375 0.5663203125 0.350126953125
0 0.689169921875 0.393009765625 0.667076171875 0.41025390625 0.680111328125 0.415921875 0.68368359375 0.441125 0.717255859375 0.41561328125 0.689169921875 0.393009765625
0 0.33876171875 0.38870703125 0.3648046875 0.3717578125 0.35701953125 0.36242578125 0.32491796875 0.38074609375 0.33876171875 0.38870703125
0 0.460703125 0.353650390625 0.504111328125 0.330171875 0.492724609375 0.320109375 0.45570703125 0.343671875 0.460703125 0.353650390625
0 0.551984375 0.39325390625 0.55984765625 0.370208984375 0.54697265625 0.37665234375 0.551984375 0.39325390625
0 0.441169921875 0.333375 0.4505546875 0.34266015625 0.481853515625 0.32353125 0.480078125 0.31621875 0.46924609375 0.3156328125 0.441169921875 0.333375
0 0.632513671875 0.401966796875 0.665861328125 0.380041015625 0.65576953125 0.374296875 0.6226171875 0.396220703125 0.632513671875 0.401966796875
0 0.662080078125 0.409162109375 0.683458984375 0.394017578125 0.672205078125 0.38480078125 0.65645703125 0.39696484375 0.662080078125 0.409162109375
0 0.636462890625 0.47572265625 0.67155078125 0.449892578125 0.661505859375 0.440736328125 0.624828125 0.464005859375 0.636462890625 0.47572265625
0 0.61619140625 0.4621328125 0.654283203125 0.43687890625 0.64253515625 0.4271171875 0.607685546875 0.450693359375 0.61619140625 0.4621328125
0 0.50075390625 0.364017578125 0.50955859375 0.374873046875 0.531134765625 0.359263671875 0.524744140625 0.34783203125 0.508671875 0.354404296875 0.50075390625 0.364017578125
0 0.478443359375 0.365384765625 0.5164140625 0.3446875 0.510234375 0.33616015625 0.471927734375 0.35948828125 0.478443359375 0.365384765625
0 0.599134765625 0.380017578125 0.639392578125 0.355234375 0.584326171875 0.355865234375 0.598759765625 0.365345703125 0.583505859375 0.36005859375 0.599134765625 0.380017578125