1 0.617267578125 0.793041015625 0.931943359375 0.57545703125 0.70428515625 0.388025390625 0.384490234375 0.588345703125 0.617267578125 0.793041015625
0 0.461048828125 0.62358984375 0.41306640625 0.58058203125 0.398564453125 0.58921484375 0.442716796875 0.632408203125 0.461048828125 0.62358984375
0 0.482466796875 0.605677734375 0.43620703125 0.564763671875 0.420759765625 0.57522265625 0.46626953125 0.61748046875 0.482466796875 0.605677734375
0 0.517802734375 0.672603515625 0.463294921875 0.62866015625 0.45067578125 0.635537109375 0.5028828125 0.687021484375 0.517802734375 0.672603515625
0 0.577205078125 0.726478515625 0.526693359375 0.68182421875 0.511474609375 0.694404296875 0.56230859375 0.736205078125 0.577205078125 0.726478515625
0 0.59512890625 0.77261328125 0.60483984375 0.76739453125 0.581794921875 0.733015625 0.568412109375 0.740244140625 0.569275390625 0.745666015625 0.59512890625 0.77261328125
0 0.52574609375 0.6680859375 0.539439453125 0.656541015625 0.4883046875 0.614048828125 0.480591796875 0.62009765625 0.4770390625 0.62416015625 0.52574609375 0.6680859375
0 0.599744140625 0.70983203125 0.54586328125 0.667916015625 0.535599609375 0.67462109375 0.5835546875 0.719046875 0.599744140625 0.70983203125
0 0.6541640625 0.7588046875 0.605966796875 0.719240234375 0.5920546875 0.726251953125 0.637833984375 0.7688515625 0.6541640625 0.7588046875
0 0.5022109375 0.592587890625 0.460587890625 0.551966796875 0.445953125 0.559322265625 0.48734765625 0.599404296875 0.5022109375 0.592587890625
0 0.559248046875 0.63980078125 0.510919921875 0.601111328125 0.49748046875 0.60996484375 0.5461953125 0.6499296875 0.559248046875 0.63980078125
0 0.616587890625 0.69167578125 0.573115234375 0.651482421875 0.55634765625 0.66062890625 0.60036328125 0.70021484375 0.616587890625 0.69167578125
0 0.674220703125 0.74437890625 0.63025390625 0.7092421875 0.616181640625 0.7141875 0.661380859375 0.751619140625 0.674220703125 0.74437890625
0 0.6881640625 0.717904296875 0.650390625 0.6890390625 0.6407890625 0.70116015625 0.683947265625 0.7326484375 0.6881640625 0.717904296875
0 0.63148828125 0.672251953125 0.593341796875 0.6308203125 0.5799921875 0.646634765625 0.62960546875 0.6894296875 0.63148828125 0.672251953125
0 0.580326171875 0.62753125 0.52645703125 0.58881640625 0.517263671875 0.591146484375 0.5677578125 0.639267578125 0.580326171875 0.62753125
0 0.47984375 0.555193359375 0.49553125 0.573814453125 0.50609765625 0.5781796875 0.547662109375 0.5639765625 0.522666015625 0.552939453125 0.502328125 0.56638671875 0.482068359375 0.542234375 0.467564453125 0.54289453125 0.464814453125 0.548966796875 0.47984375 0.555193359375
0 0.514412109375 0.558427734375 0.527345703125 0.5479296875 0.503271484375 0.537103515625 0.504974609375 0.548068359375 0.514412109375 0.558427734375
0 0.60655859375 0.613734375 0.554328125 0.574466796875 0.541302734375 0.580796875 0.591982421875 0.622138671875 0.60655859375 0.613734375
0 0.654888671875 0.66220703125 0.612208984375 0.62199609375 0.598810546875 0.631677734375 0.64879296875 0.67278515625 0.654888671875 0.66220703125
0 0.715462890625 0.71856640625 0.71928125 0.70765234375 0.687642578125 0.688228515625 0.671771484375 0.66553125 0.6545 0.660703125 0.652369140625 0.6635234375 0.6808828125 0.7067890625 0.715462890625 0.71856640625
0 0.56742578125 0.550693359375 0.530701171875 0.51935546875 0.517263671875 0.521662109375 0.55103515625 0.558544921875 0.56742578125 0.550693359375
0 0.610755859375 0.607716796875 0.622763671875 0.5987578125 0.57546484375 0.55965625 0.5635859375 0.568466796875 0.564072265625 0.569681640625 0.610755859375 0.607716796875
0 0.68953125 0.6477578125 0.6340625 0.609443359375 0.62148828125 0.618650390625 0.67150390625 0.65941015625 0.68953125 0.6477578125
0 0.729806640625 0.68993359375 0.69315234375 0.65825 0.6813203125 0.665453125 0.716765625 0.698970703125 0.729806640625 0.68993359375
0 0.760529296875 0.63658203125 0.75379296875 0.633478515625 0.775439453125 0.6218203125 0.742099609375 0.621064453125 0.745607421875 0.596970703125 0.727990234375 0.59528125 0.734984375 0.610740234375 0.73366796875 0.621076171875 0.708533203125 0.612298828125 0.71629296875 0.63666796875 0.725041015625 0.639634765625 0.720404296875 0.66062890625 0.75630078125 0.653345703125 0.760529296875 0.63658203125
0 0.703078125 0.6113203125 0.67674609375 0.60462890625 0.6668515625 0.599359375 0.662501953125 0.610447265625 0.683666015625 0.618369140625 0.703078125 0.6113203125
0 0.646353515625 0.582857421875 0.6381328125 0.565095703125 0.652521484375 0.548033203125 0.6360859375 0.545580078125 0.629982421875 0.53017578125 0.61594921875 0.527986328125 0.601158203125 0.53934375 0.609455078125 0.55440625 0.60942578125 0.561712890625 0.609306640625 0.577861328125 0.646353515625 0.582857421875
0 0.59159375 0.532802734375 0.54850390625 0.490923828125 0.530806640625 0.49574609375 0.535599609375 0.50815234375 0.571849609375 0.544796875 0.59159375 0.532802734375
0 0.6116171875 0.520134765625 0.572021484375 0.480439453125 0.557794921875 0.488369140625 0.597869140625 0.52690625 0.6116171875 0.520134765625
0 0.73037890625 0.61059375 0.748234375 0.600126953125 0.7015859375 0.562677734375 0.691083984375 0.57502734375 0.73037890625 0.61059375
0 0.805357421875 0.64674609375 0.776703125 0.6250625 0.7628671875 0.63843359375 0.793029296875 0.656693359375 0.805357421875 0.64674609375
0 0.8209296875 0.631162109375 0.785091796875 0.599796875 0.774447265625 0.608517578125 0.808478515625 0.636224609375 0.8209296875 0.631162109375
0 0.84611328125 0.6179453125 0.804212890625 0.583125 0.79230078125 0.588732421875 0.833443359375 0.62576953125 0.84611328125 0.6179453125
0 0.915560546875 0.575119140625 0.87878125 0.541435546875 0.865642578125 0.549166015625 0.9031328125 0.583548828125 0.915560546875 0.575119140625
0 0.875177734375 0.594861328125 0.889564453125 0.585849609375 0.84958984375 0.55103515625 0.840552734375 0.560263671875 0.83647265625 0.564548828125 0.875177734375 0.594861328125
0 0.85553125 0.608189453125 0.863841796875 0.597275390625 0.826279296875 0.569548828125 0.8163828125 0.57844140625 0.815732421875 0.5793515625 0.85553125 0.608189453125
0 0.861728515625 0.529955078125 0.818017578125 0.490658203125 0.80608203125 0.495876953125 0.8542734375 0.53319921875 0.861728515625 0.529955078125
0 0.835443359375 0.544625 0.79181640625 0.509447265625 0.78147265625 0.5146953125 0.82671875 0.5492265625 0.835443359375 0.544625
0 0.80104296875 0.56805859375 0.813017578125 0.564109375 0.7684453125 0.52579296875 0.75968359375 0.530833984375 0.80104296875 0.56805859375
0 0.781431640625 0.584228515625 0.796916015625 0.574697265625 0.748662109375 0.533513671875 0.73416796875 0.542041015625 0.781431640625 0.584228515625
0 0.755154296875 0.5984765625 0.77296484375 0.59148828125 0.726947265625 0.5513671875 0.71618359375 0.5564921875 0.755154296875 0.5984765625
0 0.79135546875 0.492416015625 0.802927734375 0.4803671875 0.755416015625 0.44666015625 0.74682421875 0.4495390625 0.79135546875 0.492416015625
0 0.732474609375 0.445330078125 0.745203125 0.436646484375 0.702822265625 0.39792578125 0.694564453125 0.4060390625 0.732474609375 0.445330078125
0 0.712865234375 0.459681640625 0.725517578125 0.448021484375 0.67580078125 0.4172265625 0.671708984375 0.42113671875 0.712865234375 0.459681640625
0 0.685755859375 0.4718125 0.69912109375 0.464546875 0.6565 0.427359375 0.6493046875 0.43255859375 0.685755859375 0.4718125
0 0.597517578125 0.464484375 0.62341015625 0.485703125 0.643423828125 0.469072265625 0.62244921875 0.46734375 0.619166015625 0.454443359375 0.60680078125 0.4577578125 0.60762890625 0.4591796875 0.597517578125 0.464484375
0 0.620140625 0.513130859375 0.6301484375 0.50758203125 0.59491015625 0.476884765625 0.586052734375 0.478505859375 0.5830859375 0.48397265625 0.620140625 0.513130859375
0 0.706625 0.542572265625 0.687447265625 0.515806640625 0.66084375 0.502150390625 0.6815 0.539478515625 0.706625 0.542572265625
0 0.70253515625 0.47903515625 0.676060546875 0.4816484375 0.68207421875 0.49732421875 0.709701171875 0.495275390625 0.70253515625 0.47903515625
0 0.73055078125 0.52487890625 0.706470703125 0.501412109375 0.693654296875 0.50745703125 0.720017578125 0.52882421875 0.73055078125 0.52487890625
0 0.766791015625 0.50469921875 0.773640625 0.497181640625 0.737349609375 0.46005078125 0.7280234375 0.462244140625 0.724748046875 0.471517578125 0.766791015625 0.50469921875
0 0.66536328125 0.485642578125 0.6737734375 0.4802734375 0.65965234375 0.464521484375 0.646103515625 0.46062890625 0.64504296875 0.47116015625 0.66536328125 0.485642578125