1 0.680455078125 0.8773671875 0.81187890625 0.545078125 0.4829765625 0.474060546875 0.36194140625 0.7718125 0.680455078125 0.8773671875
0 0.546130859375 0.511669921875 0.54921484375 0.495810546875 0.4907578125 0.4840390625 0.479677734375 0.4982265625 0.546130859375 0.511669921875
0 0.552759765625 0.51311328125 0.623580078125 0.527447265625 0.630625 0.511939453125 0.563126953125 0.499869140625 0.562060546875 0.49983203125 0.552759765625 0.51311328125
0 0.717146484375 0.53269921875 0.705990234375 0.525291015625 0.65057421875 0.5201484375 0.6530234375 0.5332265625 0.709837890625 0.540818359375 0.717146484375 0.53269921875
0 0.79158984375 0.564193359375 0.80055078125 0.550142578125 0.73500390625 0.534923828125 0.735517578125 0.549630859375 0.79158984375 0.564193359375
0 0.5353125 0.531837890625 0.538396484375 0.525119140625 0.5276796875 0.516169921875 0.48566796875 0.510046875 0.481744140625 0.520048828125 0.5353125 0.531837890625
0 0.61008203125 0.54917578125 0.62306640625 0.538404296875 0.554646484375 0.521353515625 0.550380859375 0.5320078125 0.61008203125 0.54917578125
0 0.69648046875 0.56764453125 0.707326171875 0.555732421875 0.638888671875 0.540576171875 0.630638671875 0.552216796875 0.69648046875 0.56764453125
0 0.740494140625 0.5760234375 0.748072265625 0.59698046875 0.764744140625 0.581845703125 0.7779765625 0.576125 0.7517890625 0.565779296875 0.71973828125 0.560365234375 0.720021484375 0.5710234375 0.740494140625 0.5760234375
0 0.52582421875 0.55060546875 0.530203125 0.540412109375 0.47323046875 0.52644140625 0.470962890625 0.534884765625 0.52582421875 0.55060546875
0 0.533224609375 0.575958984375 0.54925390625 0.5739453125 0.560458984375 0.560630859375 0.605693359375 0.57223046875 0.610783203125 0.559451171875 0.5711796875 0.5480390625 0.54051171875 0.556408203125 0.52346484375 0.565990234375 0.533224609375 0.575958984375
0 0.690783203125 0.592509765625 0.696154296875 0.5769453125 0.623623046875 0.562626953125 0.6193828125 0.5741328125 0.690783203125 0.592509765625
0 0.765470703125 0.610251953125 0.77108984375 0.596201171875 0.70899609375 0.581849609375 0.703982421875 0.594208984375 0.765470703125 0.610251953125
0 0.76565625 0.6358671875 0.77140234375 0.62171484375 0.7022109375 0.603900390625 0.695203125 0.61423828125 0.76565625 0.6358671875
0 0.67841796875 0.61253125 0.68659765625 0.601359375 0.615142578125 0.582416015625 0.610310546875 0.5956640625 0.67841796875 0.61253125
0 0.540646484375 0.578978515625 0.57833203125 0.58666015625 0.594787109375 0.579587890625 0.5567578125 0.56932421875 0.540646484375 0.578978515625
0 0.51425390625 0.571900390625 0.521009765625 0.5617734375 0.48566796875 0.553580078125 0.485619140625 0.564845703125 0.51425390625 0.571900390625
0 0.50940234375 0.59526171875 0.51794921875 0.582837890625 0.4664453125 0.571673828125 0.4622109375 0.5819921875 0.50940234375 0.59526171875
0 0.58853125 0.617619140625 0.59658984375 0.6018125 0.530333984375 0.58580859375 0.52159765625 0.5977109375 0.58853125 0.617619140625
0 0.674349609375 0.637341796875 0.677876953125 0.62012890625 0.610052734375 0.60446484375 0.60543359375 0.619140625 0.674349609375 0.637341796875
0 0.750384765625 0.6554453125 0.752626953125 0.64043359375 0.69146875 0.625384765625 0.6855 0.640453125 0.750384765625 0.6554453125
0 0.7441328125 0.681958984375 0.746666015625 0.66504296875 0.68525 0.65195703125 0.677125 0.663763671875 0.7441328125 0.681958984375
0 0.66061328125 0.662951171875 0.669392578125 0.64740234375 0.601572265625 0.629908203125 0.598984375 0.6416875 0.66061328125 0.662951171875
0 0.578875 0.6366875 0.5859609375 0.6252734375 0.52241796875 0.60898828125 0.51758203125 0.6183828125 0.578875 0.6366875
0 0.503599609375 0.618599609375 0.50858984375 0.606126953125 0.459095703125 0.595984375 0.457171875 0.604498046875 0.503599609375 0.618599609375
0 0.491849609375 0.639646484375 0.498533203125 0.625201171875 0.450615234375 0.6129453125 0.444716796875 0.624169921875 0.491849609375 0.639646484375
0 0.5031953125 0.64178515625 0.5057578125 0.653861328125 0.521380859375 0.654375 0.529037109375 0.646267578125 0.53675390625 0.65470703125 0.5222265625 0.664564453125 0.53817578125 0.67812109375 0.56184765625 0.6729921875 0.56184765625 0.660439453125 0.5444609375 0.660953125 0.544974609375 0.654814453125 0.57206640625 0.659380859375 0.578435546875 0.644876953125 0.515068359375 0.634431640625 0.513271484375 0.6282890625 0.5031953125 0.64178515625
0 0.66140234375 0.686361328125 0.67643359375 0.682251953125 0.67151171875 0.706173828125 0.684501953125 0.71108203125 0.699923828125 0.6914453125 0.74005859375 0.703728515625 0.741150390625 0.690826171875 0.683263671875 0.674078125 0.59252734375 0.649130859375 0.583134765625 0.6623515625 0.66140234375 0.686361328125
0 0.487318359375 0.659708984375 0.4905703125 0.647201171875 0.4359140625 0.62877734375 0.431126953125 0.642408203125 0.487318359375 0.659708984375
0 0.474052734375 0.68162890625 0.48178515625 0.66678515625 0.430826171875 0.653087890625 0.42771875 0.66587890625 0.474052734375 0.68162890625
0 0.551875 0.70240625 0.557076171875 0.68934375 0.5015 0.672310546875 0.4946875 0.683818359375 0.551875 0.70240625
0 0.64259375 0.70352734375 0.646794921875 0.688306640625 0.58517578125 0.672310546875 0.580400390625 0.68670703125 0.64259375 0.70352734375
0 0.635607421875 0.726798828125 0.6416484375 0.710578125 0.57726171875 0.69323046875 0.5695 0.7068046875 0.635607421875 0.726798828125
0 0.71294140625 0.74989453125 0.71274609375 0.73224609375 0.65245703125 0.71528125 0.648439453125 0.7295703125 0.71294140625 0.74989453125
0 0.447666015625 0.6924296875 0.435775390625 0.71990234375 0.461841796875 0.708986328125 0.47344921875 0.689533203125 0.42743359375 0.67626953125 0.42348828125 0.68515625 0.447666015625 0.6924296875
0 0.548216796875 0.72773046875 0.5502734375 0.71048046875 0.4849453125 0.695716796875 0.47887109375 0.70775390625 0.548216796875 0.72773046875
0 0.62896875 0.75199609375 0.63671875 0.737876953125 0.564822265625 0.716412109375 0.559732421875 0.72755859375 0.62896875 0.75199609375
0 0.68141015625 0.769466796875 0.71330859375 0.77355078125 0.71587890625 0.75915234375 0.646802734375 0.7412890625 0.640203125 0.754560546875 0.68141015625 0.769466796875
0 0.701291015625 0.796310546875 0.70740234375 0.78259765625 0.638322265625 0.763904296875 0.633009765625 0.776666015625 0.701291015625 0.796310546875
0 0.618388671875 0.771958984375 0.62064453125 0.759685546875 0.5552109375 0.73902734375 0.546763671875 0.75199609375 0.618388671875 0.771958984375
0 0.535126953125 0.7494375 0.54354296875 0.734173828125 0.47492578125 0.71528125 0.47232421875 0.72692578125 0.535126953125 0.7494375
0 0.432435546875 0.71809375 0.45564453125 0.7206640625 0.466044921875 0.711998046875 0.411037109375 0.69323046875 0.401685546875 0.699353515625 0.432435546875 0.71809375
0 0.450470703125 0.742841796875 0.4569765625 0.731044921875 0.40877734375 0.715845703125 0.40755859375 0.725998046875 0.450470703125 0.742841796875
0 0.528296875 0.77122265625 0.533099609375 0.75621875 0.46870703125 0.737330078125 0.464611328125 0.7468515625 0.528296875 0.77122265625
0 0.605212890625 0.796818359375 0.616015625 0.7822421875 0.541923828125 0.761841796875 0.541076171875 0.761076171875 0.538361328125 0.773087890625 0.605212890625 0.796818359375
0 0.69189453125 0.819224609375 0.696193359375 0.80464453125 0.630111328125 0.786158203125 0.628146484375 0.785953125 0.6257890625 0.800052734375 0.69189453125 0.819224609375
0 0.442375 0.76237109375 0.448708984375 0.751841796875 0.39690234375 0.73450390625 0.388826171875 0.7478671875 0.442375 0.76237109375
0 0.518595703125 0.787005859375 0.522068359375 0.77646875 0.467576171875 0.7599453125 0.465041015625 0.770677734375 0.518595703125 0.787005859375
0 0.603671875 0.8117265625 0.60469921875 0.801728515625 0.54390234375 0.785388671875 0.540740234375 0.79483984375 0.603671875 0.8117265625
0 0.680552734375 0.836556640625 0.682015625 0.82515234375 0.6241875 0.810830078125 0.620771484375 0.819958984375 0.680552734375 0.836556640625
0 0.436140625 0.78393359375 0.43768359375 0.77247265625 0.3867265625 0.7599453125 0.381181640625 0.769287109375 0.436140625 0.78393359375
0 0.492310546875 0.8050703125 0.51328515625 0.810201171875 0.515275390625 0.797314453125 0.455138671875 0.77747265625 0.44754296875 0.785509765625 0.492310546875 0.8050703125
0 0.585890625 0.835349609375 0.587947265625 0.8217109375 0.530900390625 0.806873046875 0.523228515625 0.817982421875 0.585890625 0.835349609375
0 0.594361328125 0.858783203125 0.6205703125 0.85630859375 0.621875 0.87302734375 0.64698828125 0.874896484375 0.639314453125 0.85584375 0.642908203125 0.84353125 0.612880859375 0.8334453125 0.5871171875 0.845556640625 0.594361328125 0.858783203125