1 0.84426953125 0.54385546875 0.6485625 0.354166015625 0.321916015625 0.53616015625 0.5334609375 0.745576171875 0.84426953125 0.54385546875
0 0.392001953125 0.573197265625 0.3493828125 0.530564453125 0.3360390625 0.536130859375 0.377818359375 0.58091796875 0.392001953125 0.573197265625
0 0.4124375 0.556576171875 0.37511328125 0.5178515625 0.35942578125 0.5244375 0.40052734375 0.567703125 0.4124375 0.556576171875
0 0.444794921875 0.620095703125 0.400662109375 0.583015625 0.387736328125 0.589060546875 0.4278046875 0.6317578125 0.444794921875 0.620095703125
0 0.4987109375 0.676138671875 0.454984375 0.633013671875 0.440666015625 0.638912109375 0.48204296875 0.685533203125 0.4987109375 0.676138671875
0 0.51390625 0.723419921875 0.533779296875 0.71029296875 0.506767578125 0.687515625 0.490517578125 0.6850703125 0.48544140625 0.69671875 0.51390625 0.723419921875
0 0.464712890625 0.60487890625 0.42289453125 0.567283203125 0.4135859375 0.572443359375 0.457880859375 0.617111328125 0.464712890625 0.60487890625
0 0.52089453125 0.659267578125 0.477818359375 0.62044921875 0.468361328125 0.62844921875 0.507515625 0.668134765625 0.52089453125 0.659267578125
0 0.568529296875 0.71051953125 0.527427734375 0.67188671875 0.519443359375 0.681994140625 0.5585546875 0.715982421875 0.568529296875 0.71051953125
0 0.4240546875 0.553166015625 0.43564453125 0.544080078125 0.398482421875 0.505556640625 0.3883515625 0.512744140625 0.38645703125 0.513611328125 0.4240546875 0.553166015625
0 0.485677734375 0.5908515625 0.4464140625 0.554650390625 0.43451171875 0.562595703125 0.47633984375 0.601720703125 0.485677734375 0.5908515625
0 0.534435546875 0.643478515625 0.52245703125 0.62558203125 0.51972265625 0.612265625 0.5460625 0.6398671875 0.556419921875 0.6351875 0.546564453125 0.6125703125 0.52813671875 0.5891953125 0.498953125 0.5791640625 0.484361328125 0.61429296875 0.515673828125 0.6448203125 0.534435546875 0.643478515625
0 0.58714453125 0.69371875 0.54783203125 0.659244140625 0.537291015625 0.66722265625 0.575203125 0.7021484375 0.58714453125 0.69371875
0 0.610728515625 0.676984375 0.571015625 0.6433515625 0.55883203125 0.651220703125 0.598828125 0.6864453125 0.610728515625 0.676984375
0 0.50390625 0.5736953125 0.46822265625 0.5401796875 0.455435546875 0.54844140625 0.491982421875 0.583603515625 0.50390625 0.5736953125
0 0.462095703125 0.53240625 0.41994921875 0.49041796875 0.405583984375 0.497359375 0.446857421875 0.537451171875 0.462095703125 0.53240625
0 0.48276953125 0.5186015625 0.442203125 0.479626953125 0.430947265625 0.48791796875 0.46466015625 0.525552734375 0.48276953125 0.5186015625
0 0.531330078125 0.568220703125 0.489302734375 0.529294921875 0.477591796875 0.537978515625 0.5160390625 0.577646484375 0.531330078125 0.568220703125
0 0.5820390625 0.616466796875 0.54121484375 0.577875 0.528673828125 0.58721484375 0.569208984375 0.627873046875 0.5820390625 0.616466796875
0 0.6366171875 0.667294921875 0.594314453125 0.629126953125 0.57791015625 0.638912109375 0.6211484375 0.673255859375 0.6366171875 0.667294921875
0 0.649783203125 0.6444921875 0.6173671875 0.61358984375 0.60560546875 0.6216796875 0.63787109375 0.652650390625 0.649783203125 0.6444921875
0 0.60687109375 0.601857421875 0.56621484375 0.564951171875 0.554806640625 0.5731953125 0.593904296875 0.61301171875 0.60687109375 0.601857421875
0 0.554443359375 0.55489453125 0.51141796875 0.517404296875 0.49790234375 0.5219765625 0.538466796875 0.562517578125 0.554443359375 0.55489453125
0 0.5038515625 0.505673828125 0.465470703125 0.466541015625 0.45358984375 0.472125 0.48761328125 0.51408984375 0.5038515625 0.505673828125
0 0.525806640625 0.489943359375 0.492033203125 0.454482421875 0.477591796875 0.461662109375 0.51166796875 0.4968125 0.525806640625 0.489943359375
0 0.581921875 0.5394609375 0.536607421875 0.49875 0.521904296875 0.508435546875 0.567232421875 0.55013671875 0.581921875 0.5394609375
0 0.632650390625 0.587298828125 0.59648828125 0.5573125 0.58221875 0.560134765625 0.620091796875 0.59661328125 0.632650390625 0.587298828125
0 0.667361328125 0.614435546875 0.690400390625 0.58466796875 0.63834375 0.5666796875 0.633921875 0.587798828125 0.644861328125 0.604337890625 0.630703125 0.607892578125 0.65943359375 0.63159765625 0.667361328125 0.614435546875
0 0.600505859375 0.5283828125 0.559443359375 0.48577734375 0.545291015625 0.49551171875 0.586021484375 0.5339140625 0.600505859375 0.5283828125
0 0.5490625 0.480078125 0.513408203125 0.439271484375 0.5022109375 0.44566015625 0.53690234375 0.485451171875 0.5490625 0.480078125
0 0.639478515625 0.5661953125 0.606716796875 0.539291015625 0.599451171875 0.544748046875 0.62763671875 0.570900390625 0.639478515625 0.5661953125
0 0.5696875 0.4654453125 0.53195703125 0.430990234375 0.523134765625 0.4364296875 0.55502734375 0.472693359375 0.5696875 0.4654453125
0 0.619234375 0.514580078125 0.601884765625 0.49994921875 0.59021875 0.501666015625 0.607796875 0.52227734375 0.619234375 0.514580078125
0 0.672431640625 0.558107421875 0.63090234375 0.525748046875 0.61976171875 0.532439453125 0.660892578125 0.570416015625 0.672431640625 0.558107421875
0 0.592470703125 0.453197265625 0.558802734375 0.414884765625 0.545841796875 0.423017578125 0.57878125 0.45898828125 0.592470703125 0.453197265625
0 0.6275 0.5083203125 0.638837890625 0.501943359375 0.604494140625 0.463474609375 0.59719921875 0.469478515625 0.593658203125 0.477654296875 0.6275 0.5083203125
0 0.69784765625 0.551109375 0.6521484375 0.511318359375 0.639734375 0.520671875 0.681296875 0.5584140625 0.69784765625 0.551109375
0 0.73286328125 0.59991796875 0.73862109375 0.591998046875 0.70590234375 0.561986328125 0.692822265625 0.566623046875 0.69334765625 0.567107421875 0.73286328125 0.59991796875
0 0.762115234375 0.581962890625 0.726556640625 0.548193359375 0.71557421875 0.55279296875 0.7518828125 0.58885546875 0.762115234375 0.581962890625
0 0.720134765625 0.5357421875 0.677001953125 0.49669921875 0.66426953125 0.50550390625 0.70381640625 0.544546875 0.720134765625 0.5357421875
0 0.6646796875 0.48796875 0.6303984375 0.44194921875 0.60984375 0.449294921875 0.642203125 0.483515625 0.6646796875 0.48796875
0 0.6140546875 0.440171875 0.590779296875 0.419935546875 0.580845703125 0.421189453125 0.602208984375 0.445416015625 0.6140546875 0.440171875
0 0.604310546875 0.417 0.625474609375 0.43573828125 0.635328125 0.43017578125 0.5983984375 0.38621875 0.58976953125 0.389513671875 0.590263671875 0.389470703125 0.604310546875 0.417
0 0.705998046875 0.46607421875 0.690912109375 0.444634765625 0.680330078125 0.450185546875 0.695587890625 0.467095703125 0.705998046875 0.46607421875
0 0.734916015625 0.5250234375 0.69762890625 0.48760546875 0.68746875 0.49390625 0.726185546875 0.53058203125 0.734916015625 0.5250234375
0 0.784244140625 0.570158203125 0.7477578125 0.53429296875 0.736541015625 0.53985546875 0.7723984375 0.5750859375 0.784244140625 0.570158203125
0 0.805126953125 0.555556640625 0.770958984375 0.51976171875 0.75884765625 0.52647265625 0.791951171875 0.559595703125 0.805126953125 0.555556640625
0 0.83046875 0.543046875 0.793609375 0.506330078125 0.77957421875 0.5144921875 0.816560546875 0.5505234375 0.83046875 0.543046875
0 0.7102501309180295 0.4806651906410508 0.74588671875 0.5175546875 0.757619140625 0.508625 0.720302734375 0.474263671875 0.7102501309180295 0.4806651906410508
0 0.78284375 0.494197265625 0.743671875 0.453484375 0.73341796875 0.46803125 0.772150390625 0.503166015625 0.78284375 0.494197265625
0 0.72400390625 0.454298828125 0.73252734375 0.440462890625 0.690525390625 0.4161953125 0.68091796875 0.420431640625 0.711892578125 0.45039453125 0.72400390625 0.454298828125
0 0.671271484375 0.40715625 0.6812109375 0.404912109375 0.650259765625 0.36372265625 0.639287109375 0.37523828125 0.6394609375 0.376595703125 0.671271484375 0.40715625
0 0.659693359375 0.41310546875 0.620306640625 0.382837890625 0.61207421875 0.3859453125 0.648232421875 0.421080078125 0.659693359375 0.41310546875