1 0.864779296875 0.79526953125 0.71696484375 0.585578125 0.503962890625 0.709181640625 0.67448046875 0.92200390625 0.864779296875 0.79526953125
0 0.78862890625 0.83665625 0.7989765625 0.827580078125 0.7855234375 0.815951171875 0.751689453125 0.809849609375 0.76101171875 0.7892734375 0.744064453125 0.787912109375 0.748494140625 0.772626953125 0.72890234375 0.7807421875 0.710884765625 0.78356640625 0.708888671875 0.760564453125 0.7204609375 0.738021484375 0.702337890625 0.7380859375 0.674591796875 0.741400390625 0.660166015625 0.741447265625 0.65533203125 0.760353515625 0.616982421875 0.76040234375 0.613873046875 0.738970703125 0.643021484375 0.735876953125 0.653232421875 0.70987890625 0.656921875 0.682236328125 0.645845703125 0.66953515625 0.67226171875 0.64951171875 0.656146484375 0.634548828125 0.638009765625 0.650568359375 0.62272265625 0.6403984375 0.598189453125 0.6548515625 0.606455078125 0.672654296875 0.572296875 0.690818359375 0.566189453125 0.6741171875 0.545974609375 0.683095703125 0.55730859375 0.69564453125 0.517052734375 0.718302734375 0.678275390625 0.918900390625 0.78862890625 0.83665625
0 0.699560546875 0.646541015625 0.701427734375 0.627486328125 0.688361328125 0.619263671875 0.676712890625 0.6371796875 0.699560546875 0.646541015625
0 0.74904296875 0.654025390625 0.7356484375 0.640677734375 0.73005859375 0.657568359375 0.74904296875 0.654025390625
0 0.723892578125 0.68860546875 0.7531640625 0.674111328125 0.7485859375 0.659416015625 0.71506640625 0.677763671875 0.723892578125 0.68860546875
0 0.660919921875 0.70208984375 0.70396875 0.680205078125 0.69579296875 0.667546875 0.656703125 0.689814453125 0.660919921875 0.70208984375
0 0.7276796875 0.711953125 0.720193359375 0.7012734375 0.671484375 0.730908203125 0.679041015625 0.739025390625 0.7276796875 0.711953125
0 0.713498046875 0.696609375 0.7069765625 0.6859140625 0.658732421875 0.710982421875 0.666720703125 0.722115234375 0.713498046875 0.696609375
0 0.722603515625 0.7354765625 0.733794921875 0.728333984375 0.728072265625 0.7209453125 0.71331640625 0.72326171875 0.722603515625 0.7354765625
0 0.777279296875 0.70144921875 0.768951171875 0.6933203125 0.73923046875 0.710982421875 0.745498046875 0.71866796875 0.777279296875 0.70144921875
0 0.759740234375 0.75844140625 0.752537109375 0.747998046875 0.7161171875 0.771158203125 0.7245859375 0.777525390625 0.759740234375 0.75844140625
0 0.816748046875 0.78111328125 0.80630859375 0.772408203125 0.791037109375 0.78829296875 0.80041015625 0.7970078125 0.816748046875 0.78111328125
0 0.818474609375 0.803021484375 0.813765625 0.7923515625 0.801796875 0.801443359375 0.8090078125 0.81012890625 0.818474609375 0.803021484375
0 0.807083984375 0.745861328125 0.801228515625 0.739146484375 0.773466796875 0.755666015625 0.772705078125 0.7568125 0.77836328125 0.765318359375 0.807083984375 0.745861328125
0 0.79721484375 0.733013671875 0.78948828125 0.723185546875 0.7611484375 0.74007421875 0.766306640625 0.750560546875 0.79721484375 0.733013671875
0 0.764357421875 0.684748046875 0.7571640625 0.67721875 0.726080078125 0.69344921875 0.736892578125 0.70344921875 0.764357421875 0.684748046875
0 0.785306640625 0.718841796875 0.77828515625 0.70878125 0.751982421875 0.726923828125 0.757607421875 0.732912109375 0.785306640625 0.718841796875
0 0.739623046875 0.730462890625 0.7192421875 0.74344140625 0.7178515625 0.755525390625 0.7459921875 0.741654296875 0.739623046875 0.730462890625
0 0.815591796875 0.76280859375 0.8061328125 0.754966796875 0.78107421875 0.769564453125 0.78974609375 0.778177734375 0.815591796875 0.76280859375