0 0.594730 0.846858 0.624352 0.874625 0.640398 0.854263 0.666318 0.831124 0.762590 0.831124 0.828006 0.824644 0.899594 0.813538 0.925514 0.800579 0.869971 0.712650 0.803321 0.555303 0.758887 0.556228 0.750247 0.539568 0.725562 0.532163 0.710751 0.559005 0.559259 0.565741 0.599667 0.821867 0.579919 0.822793 0.594730 0.846858
1 0.716797 0.798828 0.716797 0.802734 0.728516 0.802734 0.730469 0.808594 0.734375 0.808594 0.736328 0.800781 0.742188 0.800781 0.742188 0.796875
1 0.750000 0.796875 0.750000 0.800781 0.767578 0.798828 0.767578 0.794922
1 0.669922 0.736328 0.662109 0.732422 0.654297 0.740234 0.652344 0.750000 0.664062 0.750000 0.664062 0.744141 0.669922 0.742188
1 0.865234 0.718750 0.865234 0.724609 0.880859 0.742188 0.884766 0.755859 0.888672 0.755859 0.892578 0.748047 0.875000 0.720703
1 0.583984 0.716797 0.591797 0.777344 0.599609 0.789062 0.613281 0.792969 0.611328 0.802734 0.595703 0.796875 0.599609 0.818359 0.585938 0.833984 0.615234 0.843750 0.613281 0.863281 0.625000 0.871094 0.640625 0.845703 0.652344 0.841797 0.652344 0.822266 0.667969 0.814453 0.654297 0.814453 0.650391 0.802734 0.625000 0.798828 0.615234 0.789062 0.615234 0.779297 0.625000 0.775391 0.621094 0.750000 0.632812 0.742188 0.601562 0.718750
1 0.857422 0.691406 0.857422 0.708984 0.865234 0.708984 0.861328 0.691406
1 0.574219 0.656250 0.580078 0.699219 0.646484 0.685547 0.673828 0.705078 0.716797 0.708984 0.712891 0.720703 0.679688 0.724609 0.685547 0.746094 0.726562 0.740234 0.740234 0.726562 0.748047 0.748047 0.783203 0.746094 0.798828 0.773438 0.832031 0.746094 0.830078 0.728516 0.792969 0.726562 0.796875 0.695312 0.779297 0.699219 0.767578 0.687500 0.769531 0.701172 0.746094 0.699219 0.716797 0.666016 0.701172 0.683594 0.658203 0.683594 0.634766 0.671875 0.628906 0.644531
1 0.656250 0.636719 0.656250 0.646484 0.650391 0.648438 0.650391 0.652344 0.664062 0.666016 0.666016 0.671875 0.693359 0.669922 0.693359 0.658203 0.697266 0.656250 0.697266 0.652344 0.693359 0.652344 0.691406 0.648438 0.681641 0.650391 0.679688 0.646484 0.669922 0.646484 0.667969 0.638672
1 0.802734 0.626953 0.802734 0.632812 0.810547 0.634766 0.810547 0.642578 0.820312 0.654297 0.818359 0.666016 0.828125 0.667969 0.826172 0.679688 0.835938 0.691406 0.835938 0.701172 0.847656 0.703125 0.847656 0.677734 0.851562 0.675781 0.851562 0.669922 0.839844 0.669922 0.832031 0.662109 0.830078 0.640625 0.824219 0.628906 0.820312 0.628906 0.818359 0.634766 0.810547 0.634766 0.808594 0.626953
1 0.636719 0.597656 0.642578 0.617188 0.650391 0.621094 0.666016 0.621094 0.669922 0.628906 0.681641 0.638672 0.689453 0.634766 0.705078 0.636719 0.707031 0.630859 0.712891 0.630859 0.710938 0.617188 0.716797 0.611328 0.728516 0.609375 0.726562 0.597656 0.720703 0.597656 0.712891 0.587891 0.695312 0.578125 0.666016 0.580078 0.654297 0.585938 0.650391 0.593750 0.640625 0.593750
1 0.564453 0.564453 0.560547 0.572266 0.562500 0.589844 0.582031 0.587891 0.595703 0.591797 0.601562 0.599609 0.599609 0.607422 0.583984 0.603516 0.578125 0.609375 0.580078 0.617188 0.599609 0.619141 0.605469 0.607422 0.621094 0.601562 0.625000 0.589844 0.595703 0.591797 0.591797 0.574219 0.601562 0.572266 0.605469 0.580078 0.628906 0.582031 0.628906 0.562500 0.605469 0.564453 0.601562 0.568359 0.589844 0.568359 0.587891 0.562500
1 0.738281 0.535156 0.722656 0.533203 0.712891 0.550781 0.712891 0.558594 0.718750 0.558594 0.720703 0.564453 0.708984 0.566406 0.710938 0.572266 0.726562 0.570312 0.732422 0.564453 0.744141 0.560547 0.748047 0.550781 0.740234 0.544922
