0 0.503394 0.348900 0.534251 0.361858 0.646569 0.386849 0.720625 0.293366 0.747779 0.307249 0.742842 0.287813 0.734202 0.273003 0.761356 0.245236 0.766293 0.216543 0.737905 0.206362 0.691003 0.207288 0.552765 0.181372 0.377499 0.328537 0.440446 0.329463 0.447852 0.348900 0.477474 0.341495 0.503394 0.348900
1 0.539062 0.359375 0.539062 0.363281 0.562500 0.367188 0.562500 0.363281
1 0.486328 0.312500 0.488281 0.322266 0.482422 0.324219 0.480469 0.337891 0.486328 0.343750 0.523438 0.355469 0.523438 0.349609 0.519531 0.345703 0.519531 0.337891 0.523438 0.335938 0.521484 0.326172 0.509766 0.322266 0.496094 0.322266 0.492188 0.314453
1 0.654297 0.310547 0.650391 0.310547 0.648438 0.314453 0.640625 0.314453 0.634766 0.324219 0.623047 0.324219 0.623047 0.335938 0.619141 0.337891 0.619141 0.341797 0.625000 0.341797 0.626953 0.349609 0.636719 0.351562 0.640625 0.343750 0.656250 0.345703 0.656250 0.337891 0.648438 0.333984 0.650391 0.328125 0.658203 0.328125 0.658203 0.318359 0.654297 0.316406
1 0.382812 0.322266 0.382812 0.326172 0.416016 0.328125 0.417969 0.306641 0.435547 0.310547 0.443359 0.322266 0.429688 0.322266 0.429688 0.328125 0.441406 0.328125 0.445312 0.343750 0.457031 0.345703 0.470703 0.341797 0.472656 0.332031 0.455078 0.328125 0.453125 0.322266 0.470703 0.322266 0.470703 0.312500 0.480469 0.302734 0.470703 0.296875 0.470703 0.291016 0.443359 0.291016 0.433594 0.285156 0.408203 0.300781 0.398438 0.318359
1 0.664062 0.283203 0.644531 0.281250 0.638672 0.273438 0.609375 0.273438 0.595703 0.267578 0.593750 0.259766 0.580078 0.261719 0.574219 0.271484 0.548828 0.267578 0.548828 0.273438 0.560547 0.273438 0.570312 0.287109 0.562500 0.316406 0.570312 0.343750 0.589844 0.328125 0.589844 0.320312 0.576172 0.308594 0.583984 0.302734 0.587891 0.281250 0.597656 0.287109 0.605469 0.302734 0.638672 0.308594 0.650391 0.289062 0.662109 0.292969
1 0.763672 0.224609 0.757812 0.224609 0.753906 0.236328 0.724609 0.228516 0.708984 0.232422 0.705078 0.226562 0.685547 0.230469 0.675781 0.265625 0.699219 0.273438 0.699219 0.287109 0.726562 0.287109 0.736328 0.300781 0.742188 0.300781 0.744141 0.292969 0.732422 0.271484 0.738281 0.251953 0.748047 0.250000 0.751953 0.236328 0.761719 0.236328
1 0.449219 0.277344 0.554688 0.302734 0.552734 0.287109 0.533203 0.289062 0.513672 0.261719 0.546875 0.250000 0.541016 0.226562 0.558594 0.236328 0.593750 0.226562 0.603516 0.248047 0.617188 0.236328 0.632812 0.248047 0.632812 0.232422 0.667969 0.246094 0.685547 0.218750 0.740234 0.210938 0.658203 0.210938 0.638672 0.197266 0.625000 0.201172 0.628906 0.228516 0.605469 0.222656 0.613281 0.210938 0.585938 0.205078 0.568359 0.218750 0.562500 0.203125 0.533203 0.195312 0.513672 0.232422 0.494141 0.228516 0.511719 0.250000 0.478516 0.248047
1 0.580078 0.185547 0.580078 0.189453 0.593750 0.191406 0.595703 0.199219 0.599609 0.199219 0.595703 0.187500
1 0.552734 0.179688 0.556641 0.187500 0.566406 0.185547 0.566406 0.181641
