0 0.656444 0.422946 0.372222 0.451852 0.431806 0.640456 0.761356 0.584921 0.656444 0.422946
1 0.462891 0.625000 0.462891 0.628906 0.478516 0.628906 0.478516 0.625000
1 0.494141 0.597656 0.490234 0.611328 0.501953 0.617188 0.501953 0.626953 0.515625 0.625000 0.509766 0.611328 0.503906 0.611328 0.500000 0.599609
1 0.421875 0.591797 0.417969 0.593750 0.421875 0.611328 0.433594 0.638672 0.437500 0.638672 0.441406 0.630859 0.449219 0.630859 0.455078 0.619141 0.437500 0.615234 0.429688 0.603516 0.429688 0.593750
1 0.517578 0.585938 0.519531 0.593750 0.523438 0.593750 0.525391 0.589844 0.531250 0.591797 0.531250 0.601562 0.525391 0.609375 0.527344 0.621094 0.546875 0.619141 0.546875 0.605469 0.542969 0.603516 0.542969 0.595703 0.537109 0.591797 0.537109 0.585938
1 0.552734 0.576172 0.552734 0.587891 0.558594 0.595703 0.560547 0.609375 0.578125 0.605469 0.580078 0.597656 0.574219 0.589844 0.564453 0.589844 0.560547 0.580078
1 0.445312 0.570312 0.443359 0.578125 0.449219 0.589844 0.449219 0.597656 0.464844 0.599609 0.462891 0.587891 0.458984 0.587891 0.457031 0.591797 0.451172 0.589844 0.449219 0.570312
1 0.408203 0.564453 0.414062 0.576172 0.417969 0.576172 0.417969 0.564453
1 0.679688 0.587891 0.666016 0.587891 0.656250 0.574219 0.660156 0.558594 0.654297 0.556641 0.652344 0.546875 0.644531 0.548828 0.648438 0.560547 0.642578 0.572266 0.625000 0.570312 0.623047 0.562500 0.619141 0.562500 0.615234 0.570312 0.601562 0.570312 0.591797 0.583984 0.583984 0.585938 0.583984 0.589844 0.591797 0.591797 0.591797 0.601562 0.613281 0.593750 0.615234 0.599609 0.632812 0.597656 0.634766 0.603516 0.646484 0.603516 0.648438 0.591797 0.666016 0.595703 0.679688 0.591797
1 0.451172 0.544922 0.447266 0.544922 0.443359 0.560547 0.449219 0.560547 0.453125 0.556641
1 0.414062 0.542969 0.402344 0.544922 0.402344 0.548828 0.406250 0.552734 0.412109 0.552734
1 0.636719 0.546875 0.626953 0.539062 0.597656 0.535156 0.597656 0.527344 0.607422 0.521484 0.597656 0.509766 0.609375 0.507812 0.611328 0.488281 0.601562 0.490234 0.583984 0.513672 0.558594 0.509766 0.529297 0.519531 0.529297 0.533203 0.541016 0.533203 0.554688 0.523438 0.570312 0.521484 0.574219 0.515625 0.580078 0.521484 0.589844 0.521484 0.595703 0.554688 0.611328 0.560547 0.613281 0.548828 0.634766 0.550781
1 0.511719 0.492188 0.507812 0.490234 0.507812 0.486328 0.501953 0.486328 0.500000 0.490234 0.492188 0.490234 0.492188 0.496094 0.511719 0.496094
1 0.564453 0.470703 0.564453 0.474609 0.574219 0.476562 0.583984 0.486328 0.587891 0.486328 0.587891 0.478516 0.595703 0.472656 0.628906 0.472656 0.625000 0.464844 0.607422 0.464844 0.601562 0.458984 0.583984 0.455078 0.576172 0.468750
1 0.505859 0.451172 0.501953 0.457031 0.500000 0.472656 0.507812 0.472656 0.511719 0.482422 0.537109 0.480469 0.537109 0.472656 0.542969 0.470703 0.542969 0.460938 0.525391 0.464844 0.519531 0.460938 0.517578 0.447266
1 0.429688 0.445312 0.416016 0.447266 0.417969 0.462891 0.425781 0.468750 0.425781 0.472656 0.414062 0.474609 0.406250 0.482422 0.396484 0.482422 0.394531 0.476562 0.382812 0.476562 0.384766 0.496094 0.400391 0.500000 0.419922 0.496094 0.427734 0.476562 0.433594 0.476562 0.435547 0.484375 0.443359 0.484375 0.445312 0.466797 0.433594 0.464844 0.427734 0.455078
1 0.460938 0.441406 0.457031 0.453125 0.458984 0.458984 0.466797 0.460938 0.466797 0.464844 0.455078 0.466797 0.455078 0.470703 0.458984 0.470703 0.466797 0.482422 0.472656 0.482422 0.474609 0.476562 0.488281 0.476562 0.490234 0.466797 0.478516 0.462891 0.476562 0.457031 0.468750 0.453125 0.466797 0.441406
1 0.529297 0.437500 0.529297 0.449219 0.552734 0.451172 0.552734 0.447266 0.558594 0.445312 0.558594 0.441406 0.544922 0.441406 0.542969 0.433594 0.539062 0.433594 0.537109 0.437500
