0 0.377778 0.354630 0.277523 0.620093 0.662615 0.673776 0.711985 0.389625 0.377778 0.354630
1 0.472656 0.630859 0.480469 0.642578 0.503906 0.634766 0.523438 0.642578 0.533203 0.634766 0.574219 0.650391 0.578125 0.656250 0.605469 0.658203 0.634766 0.652344 0.623047 0.626953 0.607422 0.625000 0.603516 0.632812 0.587891 0.636719 0.576172 0.632812 0.556641 0.640625 0.550781 0.634766 0.523438 0.628906 0.490234 0.632812 0.484375 0.623047
1 0.460938 0.617188 0.437500 0.625000 0.437500 0.630859 0.455078 0.632812 0.460938 0.625000
1 0.279297 0.615234 0.279297 0.619141 0.308594 0.623047 0.308594 0.615234 0.300781 0.609375 0.292969 0.609375 0.291016 0.615234
1 0.595703 0.609375 0.595703 0.613281 0.623047 0.611328 0.628906 0.615234 0.634766 0.626953 0.644531 0.626953 0.644531 0.617188 0.638672 0.609375 0.623047 0.609375 0.621094 0.605469
1 0.562500 0.615234 0.578125 0.617188 0.585938 0.611328 0.585938 0.607422 0.564453 0.603516
1 0.326172 0.607422 0.330078 0.617188 0.341797 0.619141 0.343750 0.626953 0.373047 0.630859 0.371094 0.615234 0.380859 0.611328 0.380859 0.605469 0.369141 0.603516 0.365234 0.597656 0.353516 0.595703 0.335938 0.597656
1 0.492188 0.589844 0.498047 0.607422 0.509766 0.603516 0.519531 0.605469 0.521484 0.609375 0.537109 0.617188 0.554688 0.615234 0.554688 0.611328 0.548828 0.611328 0.546875 0.605469 0.517578 0.605469 0.509766 0.595703
1 0.593750 0.582031 0.593750 0.585938 0.607422 0.587891 0.611328 0.593750 0.648438 0.593750 0.644531 0.582031
1 0.330078 0.570312 0.328125 0.580078 0.332031 0.583984 0.351562 0.587891 0.351562 0.582031 0.345703 0.574219
1 0.531250 0.546875 0.529297 0.552734 0.533203 0.554688 0.533203 0.568359 0.527344 0.580078 0.544922 0.583984 0.544922 0.566406 0.562500 0.566406 0.564453 0.552734 0.552734 0.552734 0.552734 0.558594 0.544922 0.560547 0.537109 0.558594 0.535156 0.546875
1 0.414062 0.515625 0.414062 0.519531 0.419922 0.519531 0.421875 0.525391 0.437500 0.531250 0.435547 0.517578
1 0.562500 0.464844 0.562500 0.474609 0.568359 0.476562 0.568359 0.484375 0.580078 0.484375 0.580078 0.466797
1 0.445312 0.439453 0.445312 0.443359 0.476562 0.449219 0.478516 0.455078 0.486328 0.451172 0.498047 0.451172 0.500000 0.457031 0.513672 0.455078 0.515625 0.460938 0.509766 0.462891 0.509766 0.466797 0.521484 0.466797 0.523438 0.472656 0.511719 0.474609 0.511719 0.480469 0.556641 0.484375 0.556641 0.478516 0.548828 0.478516 0.541016 0.464844 0.525391 0.460938 0.517578 0.449219
1 0.701172 0.445312 0.625000 0.449219 0.593750 0.429688 0.580078 0.451172 0.615234 0.457031 0.582031 0.500000 0.478516 0.501953 0.437500 0.476562 0.460938 0.490234 0.447266 0.525391 0.468750 0.544922 0.416016 0.546875 0.439453 0.580078 0.480469 0.529297 0.566406 0.539062 0.568359 0.519531 0.533203 0.519531 0.607422 0.488281 0.640625 0.513672 0.582031 0.521484 0.578125 0.560547 0.607422 0.548828 0.644531 0.568359 0.652344 0.552734 0.595703 0.533203 0.687500 0.523438
1 0.689453 0.414062 0.687500 0.427734 0.689453 0.433594 0.695312 0.433594 0.699219 0.429688 0.697266 0.416016
