0 0.315785 0.436829 0.383670 0.678404 0.804556 0.594176 0.708282 0.364635 0.315785 0.436829
1 0.509766 0.634766 0.509766 0.638672 0.519531 0.640625 0.521484 0.646484 0.542969 0.646484 0.556641 0.642578 0.556641 0.638672 0.544922 0.636719 0.542969 0.621094 0.531250 0.625000 0.529297 0.617188 0.519531 0.621094 0.513672 0.632812
1 0.488281 0.591797 0.482422 0.591797 0.482422 0.597656 0.474609 0.601562 0.474609 0.611328 0.482422 0.611328 0.484375 0.607422 0.488281 0.607422
1 0.638672 0.585938 0.625000 0.583984 0.625000 0.587891 0.621094 0.589844 0.621094 0.597656 0.613281 0.601562 0.619141 0.613281 0.634766 0.607422 0.634766 0.601562 0.644531 0.597656
1 0.550781 0.583984 0.542969 0.591797 0.542969 0.597656 0.548828 0.601562 0.562500 0.603516 0.556641 0.619141 0.558594 0.625000 0.566406 0.625000 0.574219 0.621094 0.574219 0.613281 0.582031 0.611328 0.582031 0.605469 0.587891 0.603516 0.587891 0.599609 0.576172 0.599609 0.576172 0.605469 0.568359 0.607422 0.562500 0.603516 0.564453 0.587891
1 0.433594 0.568359 0.437500 0.580078 0.445312 0.580078 0.447266 0.583984 0.457031 0.582031 0.457031 0.576172 0.453125 0.572266 0.443359 0.572266 0.441406 0.564453
1 0.544922 0.562500 0.541016 0.576172 0.550781 0.576172 0.550781 0.562500
1 0.638672 0.562500 0.638672 0.570312 0.648438 0.580078 0.658203 0.582031 0.666016 0.576172 0.664062 0.570312 0.654297 0.566406 0.654297 0.560547
1 0.474609 0.558594 0.470703 0.558594 0.464844 0.564453 0.466797 0.572266 0.474609 0.572266
1 0.603516 0.558594 0.605469 0.564453 0.617188 0.568359 0.615234 0.556641
1 0.369141 0.556641 0.369141 0.595703 0.382812 0.599609 0.384766 0.613281 0.373047 0.632812 0.386719 0.636719 0.375000 0.652344 0.396484 0.660156 0.394531 0.671875 0.484375 0.654297 0.476562 0.642578 0.460938 0.640625 0.464844 0.619141 0.435547 0.634766 0.443359 0.615234 0.464844 0.601562 0.447266 0.597656 0.439453 0.601562 0.445312 0.613281 0.429688 0.619141 0.412109 0.583984 0.412109 0.562500 0.392578 0.566406 0.380859 0.578125 0.380859 0.560547
1 0.488281 0.546875 0.488281 0.554688 0.492188 0.556641 0.492188 0.560547 0.505859 0.562500 0.511719 0.556641 0.511719 0.550781 0.503906 0.544922
1 0.404297 0.525391 0.392578 0.527344 0.386719 0.533203 0.386719 0.537109 0.402344 0.537109
1 0.652344 0.523438 0.652344 0.531250 0.666016 0.531250 0.669922 0.535156 0.669922 0.548828 0.685547 0.548828 0.685547 0.542969 0.671875 0.531250 0.667969 0.521484
1 0.416016 0.511719 0.412109 0.521484 0.416016 0.525391 0.421875 0.525391 0.427734 0.519531 0.427734 0.515625 0.423828 0.511719
1 0.453125 0.511719 0.453125 0.517578 0.458984 0.523438 0.464844 0.523438 0.468750 0.519531 0.466797 0.511719
1 0.634766 0.513672 0.630859 0.513672 0.628906 0.507812 0.623047 0.507812 0.619141 0.513672 0.607422 0.519531 0.607422 0.529297 0.599609 0.531250 0.599609 0.537109 0.605469 0.537109 0.609375 0.541016 0.626953 0.537109 0.626953 0.529297 0.632812 0.525391
1 0.345703 0.505859 0.341797 0.519531 0.343750 0.523438 0.351562 0.525391 0.353516 0.541016 0.367188 0.542969 0.367188 0.539062 0.371094 0.537109 0.371094 0.529297 0.367188 0.529297 0.359375 0.521484 0.361328 0.507812
1 0.765625 0.503906 0.757812 0.507812 0.771484 0.535156 0.759766 0.548828 0.771484 0.550781 0.769531 0.576172 0.757812 0.576172 0.748047 0.529297 0.740234 0.525391 0.728516 0.531250 0.736328 0.554688 0.720703 0.558594 0.710938 0.550781 0.707031 0.560547 0.712891 0.574219 0.730469 0.572266 0.728516 0.589844 0.708984 0.593750 0.695312 0.576172 0.683594 0.576172 0.681641 0.603516 0.710938 0.605469 0.712891 0.597656 0.757812 0.603516 0.800781 0.593750
1 0.531250 0.503906 0.511719 0.503906 0.509766 0.509766 0.515625 0.517578 0.529297 0.517578 0.533203 0.513672
1 0.542969 0.501953 0.544922 0.509766 0.556641 0.507812 0.554688 0.500000
1 0.382812 0.460938 0.376953 0.460938 0.371094 0.478516 0.388672 0.474609 0.388672 0.468750 0.382812 0.466797
1 0.500000 0.449219 0.500000 0.458984 0.503906 0.460938 0.503906 0.466797 0.509766 0.468750 0.509766 0.464844 0.513672 0.462891 0.513672 0.453125 0.505859 0.453125 0.503906 0.449219
1 0.699219 0.447266 0.699219 0.458984 0.707031 0.458984 0.708984 0.462891 0.720703 0.462891 0.726562 0.457031 0.726562 0.453125 0.718750 0.451172 0.718750 0.445312
1 0.601562 0.441406 0.597656 0.464844 0.603516 0.464844 0.605469 0.474609 0.613281 0.476562 0.615234 0.472656 0.621094 0.472656 0.621094 0.468750 0.613281 0.466797 0.613281 0.457031 0.605469 0.451172 0.605469 0.441406
1 0.531250 0.439453 0.527344 0.460938 0.533203 0.464844 0.539062 0.482422 0.548828 0.486328 0.548828 0.466797 0.554688 0.462891 0.554688 0.457031 0.544922 0.457031 0.542969 0.453125 0.539062 0.453125 0.539062 0.439453
1 0.337891 0.439453 0.337891 0.443359 0.332031 0.445312 0.335938 0.457031 0.330078 0.458984 0.330078 0.464844 0.335938 0.464844 0.339844 0.470703 0.339844 0.478516 0.345703 0.484375 0.353516 0.482422 0.353516 0.474609 0.357422 0.472656 0.359375 0.464844 0.355469 0.462891 0.349609 0.445312 0.343750 0.439453
1 0.396484 0.445312 0.402344 0.458984 0.410156 0.460938 0.419922 0.458984 0.419922 0.449219 0.427734 0.447266 0.435547 0.462891 0.441406 0.464844 0.447266 0.460938 0.447266 0.457031 0.437500 0.455078 0.443359 0.445312 0.449219 0.445312 0.451172 0.451172 0.457031 0.451172 0.458984 0.455078 0.468750 0.455078 0.474609 0.458984 0.474609 0.443359 0.470703 0.441406 0.468750 0.431641 0.455078 0.433594 0.453125 0.439453 0.435547 0.437500 0.433594 0.431641 0.429688 0.431641 0.427734 0.441406 0.414062 0.435547 0.404297 0.437500 0.404297 0.441406
1 0.701172 0.423828 0.701172 0.437500 0.708984 0.437500 0.712891 0.433594 0.710938 0.423828
1 0.621094 0.416016 0.617188 0.421875 0.621094 0.433594 0.632812 0.431641 0.634766 0.421875 0.626953 0.416016
1 0.548828 0.408203 0.548828 0.412109 0.552734 0.414062 0.552734 0.443359 0.566406 0.441406 0.572266 0.427734 0.568359 0.427734 0.560547 0.419922 0.560547 0.414062 0.554688 0.414062 0.552734 0.408203
1 0.574219 0.423828 0.582031 0.423828 0.583984 0.427734 0.591797 0.429688 0.597656 0.417969 0.597656 0.410156 0.603516 0.404297 0.623047 0.406250 0.623047 0.400391 0.583984 0.398438 0.583984 0.404297 0.587891 0.406250 0.587891 0.417969 0.574219 0.419922
1 0.710938 0.371094 0.673828 0.369141 0.679688 0.382812 0.671875 0.384766 0.669922 0.390625 0.650391 0.392578 0.644531 0.400391 0.644531 0.408203 0.654297 0.417969 0.642578 0.419922 0.642578 0.423828 0.660156 0.433594 0.654297 0.447266 0.656250 0.457031 0.683594 0.457031 0.685547 0.447266 0.671875 0.437500 0.673828 0.419922 0.681641 0.417969 0.691406 0.427734 0.693359 0.416016 0.703125 0.408203 0.697266 0.396484 0.716797 0.390625
