0 0.396296 0.374074 0.437978 0.448862 0.630524 0.436829 0.558936 0.363709 0.396296 0.374074
1 0.437500 0.439453 0.435547 0.445312 0.443359 0.447266 0.443359 0.439453
1 0.529297 0.437500 0.529297 0.441406 0.535156 0.441406 0.535156 0.437500
1 0.447266 0.423828 0.441406 0.421875 0.433594 0.425781 0.433594 0.429688 0.443359 0.431641
1 0.605469 0.435547 0.605469 0.427734 0.595703 0.423828 0.582031 0.425781 0.580078 0.431641 0.570312 0.429688 0.568359 0.423828 0.574219 0.416016 0.580078 0.416016 0.580078 0.410156 0.556641 0.416016 0.507812 0.416016 0.503906 0.421875 0.503906 0.427734 0.509766 0.431641 0.515625 0.431641 0.519531 0.425781 0.535156 0.425781 0.537109 0.429688 0.558594 0.427734 0.560547 0.439453
1 0.496094 0.408203 0.488281 0.408203 0.484375 0.414062 0.468750 0.408203 0.468750 0.421875 0.455078 0.421875 0.455078 0.429688 0.458984 0.429688 0.460938 0.435547 0.466797 0.437500 0.466797 0.441406 0.472656 0.441406 0.472656 0.435547 0.476562 0.433594 0.478516 0.425781 0.492188 0.425781 0.492188 0.421875 0.496094 0.419922
1 0.521484 0.402344 0.521484 0.408203 0.529297 0.406250 0.529297 0.402344
1 0.455078 0.388672 0.457031 0.398438 0.462891 0.398438 0.460938 0.388672
1 0.494141 0.380859 0.494141 0.386719 0.507812 0.384766 0.513672 0.394531 0.519531 0.394531 0.519531 0.388672 0.523438 0.386719 0.523438 0.380859 0.509766 0.384766 0.507812 0.376953 0.500000 0.376953 0.498047 0.380859
1 0.531250 0.376953 0.531250 0.380859 0.550781 0.376953 0.554688 0.388672 0.558594 0.388672 0.560547 0.380859 0.570312 0.380859 0.570312 0.376953 0.560547 0.371094 0.560547 0.365234 0.554688 0.363281 0.539062 0.365234 0.539062 0.371094
