0 0.251852 0.403241 0.318254 0.612688 0.693471 0.555303 0.587324 0.370188 0.251852 0.403241
1 0.371094 0.595703 0.357422 0.595703 0.357422 0.603516 0.371094 0.601562
1 0.376953 0.558594 0.376953 0.566406 0.382812 0.570312 0.380859 0.580078 0.388672 0.587891 0.392578 0.597656 0.404297 0.597656 0.404297 0.578125 0.396484 0.578125 0.388672 0.568359 0.382812 0.566406 0.382812 0.558594
1 0.312500 0.556641 0.310547 0.560547 0.302734 0.562500 0.302734 0.570312 0.308594 0.587891 0.314453 0.595703 0.316406 0.609375 0.326172 0.607422 0.328125 0.599609 0.341797 0.599609 0.343750 0.587891 0.320312 0.580078 0.316406 0.556641
1 0.414062 0.539062 0.414062 0.564453 0.417969 0.564453 0.421875 0.556641 0.427734 0.558594 0.427734 0.570312 0.421875 0.576172 0.417969 0.576172 0.419922 0.585938 0.423828 0.591797 0.439453 0.593750 0.443359 0.589844 0.443359 0.574219 0.439453 0.562500 0.433594 0.560547 0.437500 0.541016 0.433594 0.541016 0.425781 0.548828 0.419922 0.548828 0.417969 0.539062
1 0.335938 0.533203 0.332031 0.537109 0.332031 0.546875 0.337891 0.550781 0.337891 0.564453 0.343750 0.568359 0.351562 0.568359 0.353516 0.580078 0.359375 0.585938 0.363281 0.585938 0.363281 0.580078 0.357422 0.576172 0.355469 0.550781 0.345703 0.550781 0.339844 0.533203
1 0.373047 0.533203 0.375000 0.541016 0.380859 0.542969 0.380859 0.550781 0.384766 0.550781 0.386719 0.546875 0.396484 0.546875 0.396484 0.542969 0.388672 0.541016 0.388672 0.531250
1 0.341797 0.505859 0.337891 0.505859 0.333984 0.511719 0.324219 0.511719 0.324219 0.515625 0.330078 0.517578 0.330078 0.525391 0.341797 0.521484
1 0.283203 0.488281 0.283203 0.509766 0.294922 0.515625 0.291016 0.527344 0.292969 0.539062 0.310547 0.544922 0.304688 0.527344 0.296875 0.523438 0.296875 0.519531 0.302734 0.515625 0.302734 0.503906 0.296875 0.503906 0.292969 0.494141 0.287109 0.488281
1 0.527344 0.480469 0.533203 0.507812 0.542969 0.507812 0.541016 0.488281 0.535156 0.488281 0.531250 0.480469
1 0.509766 0.462891 0.503906 0.462891 0.503906 0.476562 0.494141 0.478516 0.492188 0.488281 0.488281 0.488281 0.484375 0.480469 0.480469 0.480469 0.490234 0.507812 0.494141 0.507812 0.496094 0.498047 0.511719 0.500000 0.511719 0.482422 0.515625 0.480469 0.515625 0.476562 0.509766 0.470703
1 0.384766 0.458984 0.380859 0.458984 0.378906 0.462891 0.363281 0.460938 0.363281 0.466797 0.375000 0.468750 0.375000 0.474609 0.365234 0.476562 0.363281 0.482422 0.380859 0.488281 0.380859 0.476562 0.375000 0.470703 0.375000 0.464844 0.384766 0.462891
1 0.398438 0.453125 0.410156 0.476562 0.402344 0.505859 0.425781 0.529297 0.443359 0.527344 0.431641 0.511719 0.466797 0.507812 0.474609 0.537109 0.494141 0.542969 0.476562 0.560547 0.460938 0.533203 0.447266 0.535156 0.460938 0.585938 0.482422 0.566406 0.496094 0.583984 0.517578 0.582031 0.509766 0.562500 0.529297 0.578125 0.548828 0.576172 0.546875 0.558594 0.582031 0.572266 0.582031 0.554688 0.560547 0.541016 0.566406 0.507812 0.544922 0.535156 0.513672 0.511719 0.507812 0.535156 0.474609 0.503906 0.460938 0.507812 0.427734 0.464844 0.427734 0.494141 0.445312 0.503906 0.425781 0.509766
1 0.447266 0.443359 0.447266 0.449219 0.453125 0.449219 0.455078 0.457031 0.458984 0.458984 0.457031 0.468750 0.460938 0.468750 0.464844 0.464844 0.464844 0.455078 0.458984 0.453125 0.458984 0.447266 0.455078 0.443359
1 0.259766 0.427734 0.263672 0.447266 0.281250 0.449219 0.287109 0.445312 0.283203 0.425781 0.265625 0.421875 0.265625 0.425781
1 0.296875 0.414062 0.294922 0.423828 0.302734 0.425781 0.306641 0.416016
