0 0.620370 0.231019 0.463897 0.321133 0.663849 0.424797 0.814430 0.324835 0.620370 0.231019
1 0.691406 0.398438 0.679688 0.400391 0.679688 0.404297 0.691406 0.404297
1 0.701172 0.375000 0.699219 0.388672 0.712891 0.390625 0.712891 0.380859
1 0.623047 0.363281 0.619141 0.363281 0.615234 0.369141 0.607422 0.373047 0.609375 0.382812 0.621094 0.380859 0.621094 0.376953 0.617188 0.376953 0.615234 0.373047 0.625000 0.373047
1 0.580078 0.343750 0.582031 0.351562 0.589844 0.353516 0.593750 0.359375 0.587891 0.367188 0.576172 0.367188 0.576172 0.373047 0.589844 0.373047 0.593750 0.365234 0.605469 0.369141 0.609375 0.351562 0.597656 0.353516 0.591797 0.347656 0.591797 0.343750
1 0.636719 0.335938 0.638672 0.341797 0.628906 0.343750 0.628906 0.351562 0.632812 0.353516 0.632812 0.361328 0.646484 0.365234 0.650391 0.371094 0.630859 0.373047 0.632812 0.382812 0.625000 0.388672 0.625000 0.394531 0.640625 0.392578 0.642578 0.400391 0.650391 0.404297 0.658203 0.402344 0.660156 0.398438 0.666016 0.400391 0.669922 0.388672 0.664062 0.386719 0.662109 0.390625 0.650391 0.384766 0.660156 0.378906 0.660156 0.373047 0.656250 0.371094 0.654297 0.361328 0.644531 0.357422 0.648438 0.347656 0.644531 0.345703 0.642578 0.335938
1 0.654297 0.328125 0.658203 0.337891 0.656250 0.345703 0.664062 0.343750 0.666016 0.349609 0.675781 0.345703 0.671875 0.337891 0.660156 0.333984 0.660156 0.328125
1 0.722656 0.322266 0.722656 0.330078 0.714844 0.333984 0.714844 0.339844 0.720703 0.339844 0.722656 0.343750 0.714844 0.345703 0.712891 0.357422 0.707031 0.357422 0.707031 0.369141 0.714844 0.369141 0.716797 0.375000 0.730469 0.375000 0.730469 0.371094 0.714844 0.363281 0.714844 0.355469 0.722656 0.357422 0.724609 0.353516 0.730469 0.357422 0.732422 0.351562 0.742188 0.347656 0.746094 0.337891 0.751953 0.349609 0.759766 0.349609 0.751953 0.355469 0.751953 0.359375 0.755859 0.359375 0.765625 0.349609 0.767578 0.339844 0.761719 0.339844 0.759766 0.332031 0.740234 0.333984
1 0.615234 0.318359 0.613281 0.330078 0.617188 0.330078 0.619141 0.333984 0.630859 0.332031 0.628906 0.322266 0.623047 0.318359
1 0.593750 0.312500 0.593750 0.322266 0.605469 0.322266 0.605469 0.316406 0.601562 0.312500
1 0.556641 0.312500 0.556641 0.318359 0.564453 0.318359 0.564453 0.312500
1 0.578125 0.292969 0.580078 0.298828 0.576172 0.300781 0.576172 0.308594 0.583984 0.310547 0.591797 0.304688 0.591797 0.298828
1 0.718750 0.294922 0.720703 0.302734 0.732422 0.300781 0.734375 0.296875 0.740234 0.302734 0.736328 0.304688 0.736328 0.312500 0.740234 0.312500 0.742188 0.318359 0.755859 0.318359 0.765625 0.308594 0.767578 0.316406 0.779297 0.320312 0.792969 0.318359 0.792969 0.314453 0.785156 0.314453 0.777344 0.306641 0.773438 0.306641 0.771484 0.310547 0.769531 0.302734 0.753906 0.294922 0.746094 0.294922 0.744141 0.291016 0.728516 0.285156 0.726562 0.292969
1 0.570312 0.343750 0.564453 0.322266 0.542969 0.322266 0.529297 0.304688 0.548828 0.291016 0.542969 0.281250 0.529297 0.281250 0.472656 0.318359 0.464844 0.318359 0.486328 0.330078 0.496094 0.318359 0.503906 0.320312 0.511719 0.312500 0.529297 0.324219 0.513672 0.332031 0.521484 0.341797 0.525391 0.341797 0.527344 0.328125 0.539062 0.324219 0.539062 0.339844 0.552734 0.335938 0.550781 0.345703 0.566406 0.347656
1 0.564453 0.261719 0.564453 0.269531 0.576172 0.283203 0.591797 0.283203 0.593750 0.265625 0.589844 0.257812 0.578125 0.253906 0.574219 0.255859 0.572266 0.263672
1 0.593750 0.244141 0.593750 0.253906 0.615234 0.257812 0.613281 0.267578 0.597656 0.269531 0.599609 0.294922 0.621094 0.289062 0.619141 0.308594 0.646484 0.298828 0.632812 0.318359 0.667969 0.310547 0.687500 0.326172 0.687500 0.339844 0.703125 0.345703 0.699219 0.355469 0.710938 0.347656 0.703125 0.332031 0.718750 0.322266 0.703125 0.316406 0.710938 0.294922 0.693359 0.292969 0.701172 0.300781 0.687500 0.314453 0.664062 0.281250 0.675781 0.273438 0.685547 0.277344 0.681641 0.289062 0.697266 0.281250 0.716797 0.291016 0.716797 0.279297 0.652344 0.253906 0.625000 0.232422
