0 0.318519 0.237963 0.235558 0.463671 0.630524 0.549749 0.711985 0.293366 0.318519 0.237963
1 0.615234 0.511719 0.597656 0.521484 0.597656 0.527344 0.613281 0.519531
1 0.583984 0.382812 0.582031 0.398438 0.589844 0.398438 0.589844 0.390625 0.593750 0.388672 0.593750 0.384766
1 0.519531 0.378906 0.519531 0.382812 0.523438 0.382812 0.525391 0.386719 0.535156 0.388672 0.535156 0.375000
1 0.687500 0.357422 0.677734 0.361328 0.652344 0.443359 0.640625 0.455078 0.642578 0.474609 0.628906 0.490234 0.630859 0.515625 0.621094 0.541016 0.628906 0.541016 0.628906 0.533203 0.636719 0.527344 0.642578 0.507812 0.638672 0.494141 0.648438 0.488281
1 0.242188 0.457031 0.332031 0.478516 0.328125 0.447266 0.367188 0.492188 0.498047 0.519531 0.511719 0.498047 0.583984 0.537109 0.640625 0.410156 0.605469 0.449219 0.585938 0.408203 0.546875 0.416016 0.515625 0.480469 0.537109 0.416016 0.474609 0.419922 0.478516 0.380859 0.449219 0.406250 0.462891 0.468750 0.443359 0.394531 0.410156 0.421875 0.398438 0.388672 0.375000 0.455078 0.388672 0.375000 0.333984 0.390625 0.332031 0.357422 0.296875 0.417969 0.292969 0.361328
1 0.480469 0.343750 0.474609 0.343750 0.474609 0.363281 0.468750 0.367188 0.468750 0.371094 0.476562 0.371094 0.478516 0.359375 0.488281 0.359375 0.488281 0.351562 0.482422 0.351562
1 0.460938 0.345703 0.449219 0.343750 0.447266 0.349609 0.441406 0.353516 0.441406 0.361328 0.445312 0.363281 0.445312 0.376953 0.449219 0.376953 0.451172 0.367188 0.458984 0.365234
1 0.654297 0.330078 0.654297 0.343750 0.660156 0.345703 0.667969 0.337891 0.667969 0.333984
1 0.582031 0.310547 0.578125 0.310547 0.576172 0.318359 0.564453 0.318359 0.562500 0.324219 0.572266 0.322266 0.574219 0.332031 0.578125 0.332031
1 0.552734 0.308594 0.548828 0.308594 0.541016 0.318359 0.541016 0.328125 0.548828 0.326172 0.548828 0.322266 0.556641 0.318359 0.556641 0.312500
1 0.314453 0.308594 0.310547 0.308594 0.308594 0.322266 0.300781 0.324219 0.300781 0.328125 0.294922 0.332031 0.294922 0.337891 0.302734 0.343750 0.302734 0.353516 0.306641 0.353516 0.308594 0.345703 0.320312 0.343750 0.324219 0.335938 0.335938 0.337891 0.333984 0.326172 0.328125 0.320312 0.320312 0.320312
1 0.705078 0.302734 0.701172 0.302734 0.699219 0.318359 0.695312 0.320312 0.695312 0.332031 0.699219 0.332031
1 0.625000 0.302734 0.617188 0.302734 0.615234 0.318359 0.621094 0.318359
1 0.693359 0.302734 0.673828 0.298828 0.671875 0.306641 0.664062 0.310547 0.664062 0.324219 0.671875 0.324219 0.671875 0.318359 0.679688 0.310547 0.687500 0.310547 0.689453 0.306641 0.693359 0.306641
1 0.587891 0.281250 0.587891 0.289062 0.605469 0.289062 0.607422 0.292969 0.611328 0.292969 0.613281 0.287109 0.621094 0.287109 0.625000 0.294922 0.646484 0.296875 0.644531 0.283203 0.621094 0.279297
1 0.498047 0.277344 0.494141 0.277344 0.492188 0.281250 0.494141 0.292969 0.484375 0.310547 0.484375 0.330078 0.480469 0.332031 0.480469 0.335938 0.484375 0.335938 0.484375 0.330078 0.488281 0.328125 0.488281 0.318359 0.494141 0.310547 0.496094 0.298828 0.501953 0.294922 0.511719 0.294922 0.511719 0.289062 0.505859 0.289062
1 0.341797 0.246094 0.335938 0.246094 0.330078 0.267578 0.347656 0.261719 0.347656 0.255859 0.343750 0.253906
1 0.361328 0.242188 0.363281 0.253906 0.369141 0.253906 0.371094 0.248047 0.382812 0.248047 0.410156 0.253906 0.416016 0.257812 0.416016 0.263672 0.419922 0.263672 0.421875 0.255859 0.435547 0.257812 0.435547 0.253906
