0 0.299042 0.363653 0.536508 0.543083 0.730410 0.408498 0.502238 0.247537 0.299042 0.363653
1 0.521484 0.525391 0.521484 0.531250 0.529297 0.539062 0.539062 0.537109 0.539062 0.533203 0.544922 0.531250 0.544922 0.523438 0.525391 0.521484
1 0.695312 0.386719 0.693359 0.392578 0.705078 0.396484 0.703125 0.408203 0.705078 0.412109 0.708984 0.412109 0.710938 0.396484 0.705078 0.396484 0.703125 0.390625
1 0.656250 0.371094 0.648438 0.382812 0.636719 0.382812 0.634766 0.388672 0.650391 0.392578 0.658203 0.378906 0.667969 0.380859 0.662109 0.388672 0.662109 0.412109 0.652344 0.419922 0.652344 0.425781 0.664062 0.423828 0.666016 0.416016 0.677734 0.416016 0.679688 0.421875 0.669922 0.433594 0.681641 0.437500 0.695312 0.423828 0.691406 0.398438 0.673828 0.402344 0.667969 0.398438 0.667969 0.390625 0.681641 0.390625 0.687500 0.386719 0.685547 0.376953 0.666016 0.376953
1 0.558594 0.371094 0.546875 0.373047 0.546875 0.388672 0.542969 0.390625 0.542969 0.396484 0.554688 0.396484 0.554688 0.382812
1 0.589844 0.357422 0.589844 0.363281 0.582031 0.367188 0.582031 0.371094 0.593750 0.380859 0.597656 0.380859 0.601562 0.375000 0.605469 0.375000 0.605469 0.365234 0.597656 0.363281 0.595703 0.357422
1 0.500000 0.345703 0.484375 0.345703 0.482422 0.351562 0.486328 0.355469 0.494141 0.355469 0.500000 0.351562
1 0.621094 0.345703 0.619141 0.359375 0.628906 0.359375 0.634766 0.365234 0.634766 0.373047 0.642578 0.373047 0.648438 0.365234 0.654297 0.365234 0.654297 0.355469 0.650391 0.351562 0.642578 0.349609 0.640625 0.353516 0.634766 0.353516 0.630859 0.341797
1 0.539062 0.300781 0.529297 0.304688 0.529297 0.310547 0.535156 0.310547 0.537109 0.316406 0.521484 0.320312 0.523438 0.328125 0.529297 0.328125 0.533203 0.322266 0.546875 0.322266 0.546875 0.316406 0.537109 0.312500
1 0.552734 0.341797 0.564453 0.345703 0.574219 0.337891 0.591797 0.337891 0.599609 0.330078 0.617188 0.333984 0.617188 0.328125 0.603516 0.318359 0.593750 0.318359 0.587891 0.306641 0.570312 0.296875 0.572266 0.312500 0.556641 0.320312 0.558594 0.335938 0.552734 0.337891
1 0.488281 0.304688 0.490234 0.308594 0.494141 0.308594 0.498047 0.302734 0.511719 0.300781 0.511719 0.296875 0.492188 0.296875
1 0.505859 0.263672 0.507812 0.271484 0.511719 0.271484 0.511719 0.267578 0.517578 0.265625 0.529297 0.273438 0.529297 0.277344 0.523438 0.279297 0.523438 0.283203 0.529297 0.283203 0.531250 0.279297 0.541016 0.281250 0.541016 0.294922 0.544922 0.294922 0.546875 0.285156 0.560547 0.291016 0.560547 0.287109 0.548828 0.285156 0.541016 0.273438 0.519531 0.257812 0.511719 0.255859 0.511719 0.261719
