0 0.706027 0.285100 0.333333 0.272951 0.356635 0.484252 0.776286 0.470215 0.706027 0.285100
1 0.593750 0.470703 0.593750 0.474609 0.623047 0.474609 0.621094 0.468750
1 0.736328 0.462891 0.738281 0.470703 0.750000 0.468750 0.750000 0.462891
1 0.687500 0.464844 0.687500 0.470703 0.705078 0.468750 0.705078 0.464844 0.697266 0.462891
1 0.660156 0.441406 0.664062 0.451172 0.656250 0.453125 0.656250 0.457031 0.662109 0.458984 0.666016 0.466797 0.677734 0.466797 0.669922 0.447266 0.666016 0.447266 0.664062 0.441406
1 0.646484 0.451172 0.642578 0.445312 0.632812 0.445312 0.628906 0.453125 0.619141 0.449219 0.634766 0.439453 0.634766 0.429688 0.591797 0.441406 0.542969 0.439453 0.546875 0.457031 0.527344 0.457031 0.525391 0.464844 0.533203 0.466797 0.537109 0.476562 0.550781 0.476562 0.552734 0.470703 0.554688 0.476562 0.580078 0.474609 0.546875 0.458984 0.570312 0.455078 0.572266 0.449219 0.597656 0.449219 0.644531 0.468750
1 0.710938 0.419922 0.710938 0.425781 0.724609 0.435547 0.718750 0.437500 0.718750 0.443359 0.724609 0.443359 0.726562 0.437500 0.728516 0.443359 0.740234 0.441406 0.740234 0.435547 0.732422 0.427734 0.732422 0.423828
1 0.666016 0.423828 0.666016 0.427734 0.681641 0.427734 0.671875 0.433594 0.671875 0.441406 0.677734 0.445312 0.707031 0.443359 0.707031 0.435547 0.697266 0.431641 0.705078 0.429688 0.705078 0.423828 0.685547 0.423828 0.693359 0.419922 0.693359 0.416016 0.681641 0.416016 0.679688 0.419922
1 0.619141 0.414062 0.619141 0.419922 0.642578 0.423828 0.648438 0.439453 0.654297 0.439453 0.656250 0.425781 0.650391 0.425781 0.644531 0.419922 0.640625 0.419922 0.634766 0.410156 0.628906 0.410156 0.626953 0.416016
1 0.451172 0.406250 0.455078 0.416016 0.472656 0.416016 0.472656 0.412109 0.462891 0.412109 0.460938 0.408203
1 0.640625 0.402344 0.640625 0.406250 0.646484 0.410156 0.669922 0.412109 0.669922 0.408203 0.660156 0.408203 0.646484 0.400391
1 0.753906 0.417969 0.753906 0.410156 0.744141 0.392578 0.740234 0.392578 0.740234 0.398438 0.744141 0.400391 0.742188 0.402344 0.736328 0.400391 0.736328 0.394531 0.730469 0.394531 0.728516 0.400391 0.712891 0.400391 0.712891 0.404297 0.728516 0.406250 0.746094 0.417969
1 0.634766 0.392578 0.623047 0.396484 0.621094 0.402344 0.605469 0.400391 0.603516 0.396484 0.599609 0.396484 0.599609 0.404297 0.603516 0.408203 0.623047 0.406250 0.625000 0.400391 0.634766 0.400391
1 0.343750 0.376953 0.347656 0.412109 0.378906 0.416016 0.349609 0.419922 0.365234 0.458984 0.353516 0.468750 0.371094 0.474609 0.355469 0.482422 0.388672 0.480469 0.373047 0.453125 0.406250 0.460938 0.394531 0.480469 0.492188 0.466797 0.468750 0.457031 0.480469 0.472656 0.439453 0.464844 0.447266 0.449219 0.404297 0.443359 0.416016 0.429688 0.486328 0.447266 0.498047 0.478516 0.531250 0.476562 0.509766 0.466797 0.509766 0.435547 0.441406 0.431641 0.429688 0.414062 0.441406 0.404297
1 0.632812 0.345703 0.630859 0.353516 0.636719 0.353516 0.642578 0.361328 0.636719 0.363281 0.640625 0.375000 0.654297 0.376953 0.656250 0.373047 0.662109 0.373047 0.675781 0.384766 0.691406 0.386719 0.695312 0.390625 0.693359 0.396484 0.699219 0.396484 0.703125 0.390625 0.710938 0.394531 0.712891 0.384766 0.697266 0.384766 0.693359 0.380859 0.697266 0.378906 0.697266 0.375000 0.683594 0.378906 0.677734 0.373047 0.671875 0.373047 0.667969 0.367188 0.656250 0.365234 0.650391 0.355469 0.638672 0.351562 0.636719 0.345703
1 0.369141 0.347656 0.369141 0.357422 0.376953 0.355469 0.378906 0.359375 0.386719 0.359375 0.386719 0.351562 0.378906 0.347656 0.382812 0.345703 0.382812 0.339844
1 0.605469 0.421875 0.560547 0.414062 0.560547 0.404297 0.574219 0.404297 0.574219 0.380859 0.546875 0.369141 0.566406 0.351562 0.539062 0.332031 0.521484 0.333984 0.511719 0.363281 0.541016 0.353516 0.541016 0.371094 0.484375 0.369141 0.455078 0.390625 0.449219 0.376953 0.460938 0.363281 0.400391 0.382812 0.417969 0.398438 0.435547 0.398438 0.443359 0.386719 0.443359 0.400391 0.458984 0.394531 0.470703 0.404297 0.498047 0.390625 0.552734 0.427734
1 0.654297 0.328125 0.654297 0.333984 0.673828 0.333984 0.673828 0.328125
1 0.552734 0.316406 0.552734 0.320312 0.568359 0.328125 0.574219 0.326172 0.574219 0.322266 0.566406 0.322266 0.562500 0.318359
1 0.337891 0.320312 0.341797 0.353516 0.355469 0.339844 0.375000 0.337891 0.375000 0.330078 0.394531 0.330078 0.400391 0.322266 0.417969 0.333984 0.419922 0.343750 0.404297 0.345703 0.406250 0.359375 0.416016 0.355469 0.425781 0.363281 0.427734 0.355469 0.447266 0.353516 0.470703 0.367188 0.472656 0.353516 0.496094 0.351562 0.490234 0.339844 0.464844 0.335938 0.462891 0.330078 0.447266 0.333984 0.435547 0.324219 0.423828 0.330078 0.398438 0.312500 0.404297 0.306641 0.384766 0.310547 0.367188 0.332031 0.359375 0.330078 0.365234 0.324219 0.361328 0.316406
1 0.437500 0.300781 0.437500 0.306641 0.445312 0.310547 0.447266 0.300781
1 0.695312 0.292969 0.695312 0.300781 0.707031 0.324219 0.714844 0.326172 0.716797 0.312500 0.710938 0.312500 0.705078 0.306641 0.705078 0.300781 0.699219 0.298828 0.699219 0.292969
1 0.335938 0.296875 0.335938 0.300781 0.341797 0.304688 0.351562 0.304688 0.353516 0.298828 0.361328 0.298828 0.361328 0.292969 0.347656 0.291016 0.345703 0.296875
1 0.550781 0.287109 0.550781 0.298828 0.558594 0.302734 0.556641 0.310547 0.591797 0.316406 0.583984 0.318359 0.583984 0.324219 0.595703 0.328125 0.587891 0.333984 0.582031 0.330078 0.576172 0.332031 0.580078 0.351562 0.589844 0.353516 0.591797 0.347656 0.597656 0.347656 0.597656 0.343750 0.591797 0.341797 0.597656 0.333984 0.603516 0.333984 0.605469 0.339844 0.613281 0.339844 0.613281 0.332031 0.609375 0.330078 0.613281 0.324219 0.603516 0.322266 0.599609 0.318359 0.601562 0.312500 0.593750 0.314453 0.585938 0.302734 0.568359 0.302734 0.558594 0.289062
1 0.695312 0.285156 0.687500 0.283203 0.679688 0.287109 0.679688 0.292969 0.687500 0.292969 0.689453 0.289062 0.695312 0.289062
1 0.486328 0.283203 0.478516 0.283203 0.478516 0.287109 0.474609 0.289062 0.476562 0.306641 0.466797 0.308594 0.466797 0.314453 0.470703 0.316406 0.470703 0.326172 0.478516 0.326172 0.478516 0.320312 0.474609 0.316406 0.482422 0.312500 0.478516 0.294922 0.482422 0.292969
1 0.585938 0.281250 0.585938 0.289062 0.591797 0.285156 0.597656 0.292969 0.591797 0.294922 0.591797 0.298828 0.597656 0.300781 0.601562 0.308594 0.625000 0.314453 0.626953 0.310547 0.654297 0.314453 0.662109 0.310547 0.658203 0.300781 0.675781 0.292969 0.675781 0.285156 0.667969 0.289062 0.666016 0.285156 0.648438 0.281250 0.648438 0.285156 0.656250 0.287109 0.648438 0.291016 0.650391 0.298828 0.642578 0.302734 0.640625 0.294922 0.634766 0.294922 0.630859 0.300781 0.626953 0.289062 0.607422 0.289062
1 0.544922 0.277344 0.539062 0.277344 0.539062 0.289062 0.527344 0.289062 0.525391 0.292969 0.521484 0.291016 0.521484 0.283203 0.513672 0.287109 0.498047 0.287109 0.500000 0.294922 0.511719 0.298828 0.505859 0.304688 0.505859 0.310547 0.511719 0.316406 0.505859 0.322266 0.505859 0.328125 0.517578 0.328125 0.519531 0.318359 0.542969 0.326172 0.539062 0.316406 0.531250 0.316406 0.527344 0.312500 0.531250 0.306641 0.521484 0.310547 0.513672 0.296875 0.517578 0.294922 0.527344 0.298828 0.529297 0.294922 0.541016 0.294922 0.546875 0.298828
1 0.392578 0.277344 0.392578 0.281250 0.400391 0.285156 0.396484 0.287109 0.398438 0.296875 0.394531 0.298828 0.394531 0.302734 0.402344 0.300781 0.400391 0.292969 0.404297 0.291016 0.412109 0.296875 0.417969 0.296875 0.419922 0.292969 0.455078 0.292969 0.457031 0.298828 0.464844 0.304688 0.470703 0.304688 0.470703 0.296875 0.466797 0.296875 0.464844 0.291016 0.457031 0.287109 0.457031 0.283203 0.460938 0.281250 0.458984 0.275391 0.433594 0.275391 0.425781 0.279297 0.416016 0.275391
