0 0.690837 0.316684 0.205128 0.330876 0.259792 0.609709 0.804769 0.591285 0.690837 0.316684
1 0.646484 0.576172 0.652344 0.580078 0.650391 0.595703 0.669922 0.593750 0.662109 0.580078 0.673828 0.583984 0.673828 0.593750 0.689453 0.593750 0.695312 0.585938 0.707031 0.585938 0.708984 0.580078 0.718750 0.589844 0.732422 0.585938 0.734375 0.580078 0.736328 0.585938 0.750000 0.589844 0.761719 0.583984 0.759766 0.574219 0.753906 0.576172 0.736328 0.560547 0.722656 0.558594 0.708984 0.564453 0.716797 0.572266 0.666016 0.576172 0.658203 0.556641 0.652344 0.556641
1 0.759766 0.539062 0.759766 0.544922 0.767578 0.552734 0.767578 0.558594 0.777344 0.568359 0.781250 0.568359 0.777344 0.544922 0.771484 0.539062
1 0.468750 0.535156 0.470703 0.546875 0.488281 0.546875 0.488281 0.542969 0.478516 0.542969 0.474609 0.539062 0.474609 0.533203
1 0.625000 0.517578 0.626953 0.527344 0.636719 0.533203 0.630859 0.541016 0.638672 0.544922 0.648438 0.542969 0.638672 0.535156 0.671875 0.525391 0.658203 0.542969 0.660156 0.550781 0.699219 0.544922 0.703125 0.533203 0.695312 0.527344 0.703125 0.519531 0.716797 0.533203 0.708984 0.546875 0.746094 0.544922 0.734375 0.523438 0.736328 0.517578 0.705078 0.515625 0.693359 0.503906 0.667969 0.519531
1 0.714844 0.490234 0.714844 0.494141 0.734375 0.500000 0.736328 0.503906 0.744141 0.505859 0.750000 0.513672 0.761719 0.515625 0.765625 0.521484 0.773438 0.519531 0.767578 0.501953 0.755859 0.488281 0.740234 0.488281 0.738281 0.482422 0.734375 0.482422 0.732422 0.486328 0.718750 0.486328
1 0.671875 0.476562 0.660156 0.474609 0.656250 0.478516 0.638672 0.480469 0.636719 0.484375 0.626953 0.486328 0.626953 0.503906 0.677734 0.509766 0.675781 0.498047 0.650391 0.498047 0.636719 0.492188 0.660156 0.490234 0.660156 0.486328 0.666016 0.480469 0.671875 0.480469
1 0.546875 0.472656 0.550781 0.494141 0.546875 0.498047 0.546875 0.503906 0.552734 0.503906 0.552734 0.500000 0.558594 0.498047 0.558594 0.494141 0.554688 0.492188 0.560547 0.490234 0.560547 0.478516 0.554688 0.472656
1 0.572266 0.449219 0.572266 0.455078 0.578125 0.458984 0.593750 0.460938 0.595703 0.464844 0.615234 0.464844 0.611328 0.453125
1 0.595703 0.421875 0.611328 0.429688 0.611328 0.421875 0.621094 0.431641 0.617188 0.433594 0.621094 0.451172 0.642578 0.453125 0.646484 0.449219 0.669922 0.468750 0.679688 0.466797 0.683594 0.474609 0.691406 0.470703 0.691406 0.482422 0.703125 0.474609 0.710938 0.478516 0.708984 0.460938 0.693359 0.458984 0.699219 0.453125 0.671875 0.453125 0.662109 0.441406 0.650391 0.441406 0.636719 0.431641 0.658203 0.433594 0.654297 0.427734 0.611328 0.416016 0.609375 0.423828
1 0.664062 0.404297 0.664062 0.410156 0.695312 0.414062 0.695312 0.406250
1 0.617188 0.406250 0.617188 0.410156 0.660156 0.408203 0.658203 0.400391 0.638672 0.404297 0.626953 0.400391
1 0.632812 0.390625 0.667969 0.390625 0.669922 0.384766 0.683594 0.384766 0.683594 0.380859 0.671875 0.380859 0.669922 0.376953 0.660156 0.373047 0.644531 0.376953 0.636719 0.375000 0.638672 0.382812 0.632812 0.386719
1 0.363281 0.369141 0.365234 0.378906 0.375000 0.378906 0.380859 0.373047 0.380859 0.367188
1 0.619141 0.482422 0.531250 0.511719 0.541016 0.414062 0.464844 0.361328 0.462891 0.429688 0.216797 0.384766 0.234375 0.466797 0.347656 0.464844 0.279297 0.472656 0.332031 0.476562 0.316406 0.517578 0.248047 0.478516 0.244141 0.533203 0.287109 0.539062 0.246094 0.537109 0.259766 0.609375 0.603516 0.591797 0.394531 0.542969 0.429688 0.535156 0.396484 0.503906 0.468750 0.521484 0.433594 0.496094 0.503906 0.576172 0.630859 0.593750 0.613281 0.531250 0.539062 0.541016
1 0.212891 0.361328 0.212891 0.367188 0.218750 0.367188 0.228516 0.373047 0.240234 0.373047 0.242188 0.376953 0.250000 0.375000 0.251953 0.367188 0.246094 0.367188 0.242188 0.371094 0.228516 0.363281
1 0.251953 0.357422 0.251953 0.361328 0.259766 0.363281 0.265625 0.371094 0.279297 0.367188 0.277344 0.359375 0.273438 0.357422
1 0.248047 0.339844 0.244141 0.339844 0.240234 0.347656 0.228516 0.343750 0.216797 0.347656 0.216797 0.351562 0.224609 0.355469 0.234375 0.351562 0.248047 0.353516 0.248047 0.349609 0.244141 0.347656
1 0.417969 0.396484 0.419922 0.349609 0.408203 0.361328 0.408203 0.353516 0.392578 0.351562 0.392578 0.339844 0.361328 0.333984 0.406250 0.330078 0.406250 0.324219 0.320312 0.326172 0.296875 0.333984 0.263672 0.328125 0.267578 0.339844 0.330078 0.343750 0.328125 0.353516 0.306641 0.351562 0.306641 0.361328 0.337891 0.361328 0.335938 0.369141 0.392578 0.359375 0.386719 0.380859 0.400391 0.380859 0.406250 0.400391
1 0.701172 0.375000 0.695312 0.355469 0.648438 0.337891 0.664062 0.316406 0.619141 0.318359 0.628906 0.339844 0.591797 0.339844 0.601562 0.318359 0.410156 0.330078 0.482422 0.363281 0.494141 0.351562 0.466797 0.337891 0.498047 0.332031 0.498047 0.363281 0.574219 0.384766 0.509766 0.384766 0.556641 0.425781 0.572266 0.417969 0.558594 0.398438 0.589844 0.402344 0.595703 0.384766 0.558594 0.351562
