0 0.349739 0.310712 0.337302 0.314154 0.405942 0.520619 0.659408 0.471035 0.569042 0.292531 0.349739 0.310712
1 0.406250 0.496094 0.408203 0.509766 0.414062 0.515625 0.429688 0.515625 0.441406 0.511719 0.433594 0.498047 0.417969 0.500000
1 0.414062 0.472656 0.416016 0.480469 0.433594 0.478516 0.433594 0.474609
1 0.544922 0.457031 0.544922 0.470703 0.552734 0.472656 0.554688 0.466797 0.550781 0.466797 0.548828 0.457031
1 0.593750 0.445312 0.593750 0.455078 0.603516 0.451172 0.603516 0.445312
1 0.562500 0.439453 0.560547 0.453125 0.570312 0.455078 0.574219 0.447266 0.568359 0.445312 0.568359 0.439453
1 0.433594 0.439453 0.437500 0.455078 0.443359 0.455078 0.443359 0.451172 0.439453 0.449219 0.439453 0.441406
1 0.464844 0.437500 0.460938 0.437500 0.458984 0.453125 0.462891 0.453125
1 0.511719 0.427734 0.511719 0.431641 0.523438 0.433594 0.535156 0.429688 0.535156 0.425781
1 0.539062 0.396484 0.539062 0.402344 0.550781 0.402344 0.550781 0.398438
1 0.441406 0.396484 0.443359 0.404297 0.457031 0.404297 0.462891 0.400391 0.460938 0.392578 0.449219 0.392578
1 0.363281 0.365234 0.363281 0.373047 0.386719 0.371094 0.386719 0.365234 0.382812 0.363281
1 0.562500 0.341797 0.560547 0.349609 0.564453 0.351562 0.564453 0.355469 0.574219 0.355469 0.574219 0.343750
1 0.513672 0.335938 0.509766 0.335938 0.507812 0.347656 0.501953 0.347656 0.498047 0.351562 0.480469 0.349609 0.476562 0.351562 0.476562 0.355469 0.503906 0.357422 0.505859 0.365234 0.511719 0.365234 0.509766 0.343750 0.513672 0.341797
1 0.408203 0.312500 0.408203 0.318359 0.412109 0.318359 0.414062 0.324219 0.417969 0.324219 0.419922 0.314453 0.433594 0.316406 0.431641 0.339844 0.435547 0.345703 0.421875 0.349609 0.429688 0.365234 0.449219 0.361328 0.453125 0.357422 0.470703 0.361328 0.466797 0.345703 0.447266 0.347656 0.435547 0.343750 0.435547 0.337891 0.443359 0.333984 0.445312 0.318359 0.435547 0.318359 0.433594 0.308594 0.417969 0.308594 0.416016 0.312500
1 0.544922 0.306641 0.539062 0.306641 0.541016 0.320312 0.531250 0.322266 0.531250 0.326172 0.548828 0.324219 0.548828 0.318359 0.544922 0.316406
1 0.552734 0.304688 0.552734 0.308594 0.558594 0.308594 0.560547 0.312500 0.568359 0.310547 0.568359 0.306641 0.564453 0.304688
1 0.500000 0.298828 0.501953 0.306641 0.507812 0.306641 0.507812 0.298828
