0 0.619735 0.792506 0.938220 0.574335 0.705693 0.389221 0.371779 0.590037 0.619735 0.792506
1 0.601562 0.718750 0.597656 0.730469 0.601562 0.730469 0.603516 0.736328 0.609375 0.738281 0.613281 0.750000 0.625000 0.750000 0.628906 0.757812 0.644531 0.757812 0.644531 0.751953 0.628906 0.744141 0.626953 0.736328 0.621094 0.736328 0.605469 0.718750
1 0.619141 0.712891 0.619141 0.718750 0.625000 0.720703 0.638672 0.736328 0.648438 0.736328 0.658203 0.751953 0.664062 0.751953 0.669922 0.746094 0.669922 0.738281 0.656250 0.736328 0.646484 0.724609 0.638672 0.724609 0.634766 0.720703 0.634766 0.714844
1 0.521484 0.687500 0.519531 0.697266 0.525391 0.708984 0.529297 0.708984 0.533203 0.716797 0.539062 0.716797 0.544922 0.726562 0.556641 0.726562 0.560547 0.730469 0.556641 0.740234 0.595703 0.771484 0.617188 0.765625 0.617188 0.761719 0.591797 0.738281 0.572266 0.734375 0.572266 0.720703 0.566406 0.714844 0.556641 0.714844 0.548828 0.697266
1 0.458984 0.628906 0.455078 0.644531 0.496094 0.679688 0.511719 0.675781 0.511719 0.667969 0.492188 0.654297 0.494141 0.644531 0.511719 0.654297 0.521484 0.654297 0.525391 0.660156 0.533203 0.660156 0.529297 0.646484 0.519531 0.644531 0.500000 0.630859 0.492188 0.617188 0.482422 0.619141 0.482422 0.623047 0.492188 0.628906 0.486328 0.636719
1 0.787109 0.615234 0.789062 0.623047 0.796875 0.628906 0.810547 0.628906 0.810547 0.625000 0.814453 0.623047 0.814453 0.619141 0.806641 0.613281 0.789062 0.611328
1 0.658203 0.599609 0.660156 0.609375 0.679688 0.617188 0.687500 0.617188 0.687500 0.609375 0.675781 0.601562
1 0.503906 0.605469 0.533203 0.644531 0.552734 0.650391 0.562500 0.634766 0.558594 0.666016 0.609375 0.642578 0.599609 0.673828 0.583984 0.664062 0.572266 0.689453 0.556641 0.683594 0.582031 0.710938 0.607422 0.675781 0.632812 0.685547 0.632812 0.662109 0.666016 0.689453 0.664062 0.708984 0.652344 0.689453 0.642578 0.701172 0.666016 0.728516 0.687500 0.708984 0.712891 0.720703 0.695312 0.658203 0.642578 0.654297 0.675781 0.654297 0.687500 0.636719 0.648438 0.625000 0.632812 0.644531 0.617188 0.621094 0.582031 0.632812 0.583984 0.599609 0.564453 0.621094 0.529297 0.587891 0.519531 0.597656 0.544922 0.628906
1 0.408203 0.585938 0.408203 0.597656 0.412109 0.599609 0.412109 0.605469 0.421875 0.615234 0.429688 0.615234 0.431641 0.623047 0.445312 0.625000 0.445312 0.621094 0.435547 0.615234 0.433594 0.603516 0.429688 0.601562 0.427734 0.593750 0.419922 0.591797 0.417969 0.585938
1 0.546875 0.585938 0.546875 0.589844 0.558594 0.591797 0.560547 0.597656 0.566406 0.599609 0.566406 0.591797 0.560547 0.587891 0.560547 0.583984
1 0.669922 0.580078 0.667969 0.589844 0.673828 0.589844 0.679688 0.595703 0.687500 0.593750 0.687500 0.587891
1 0.462891 0.570312 0.462891 0.580078 0.474609 0.580078 0.476562 0.589844 0.480469 0.593750 0.494141 0.591797 0.494141 0.587891 0.488281 0.582031 0.480469 0.580078 0.478516 0.576172 0.470703 0.576172 0.466797 0.570312
1 0.423828 0.574219 0.425781 0.583984 0.437500 0.583984 0.439453 0.591797 0.453125 0.607422 0.470703 0.607422 0.470703 0.603516 0.458984 0.595703 0.457031 0.583984 0.449219 0.583984 0.441406 0.578125 0.441406 0.570312
1 0.410156 0.568359 0.392578 0.576172 0.392578 0.585938 0.396484 0.585938 0.400391 0.576172 0.410156 0.572266
1 0.693359 0.566406 0.691406 0.576172 0.707031 0.591797 0.722656 0.591797 0.722656 0.583984 0.712891 0.583984 0.710938 0.578125 0.703125 0.576172 0.701172 0.564453
1 0.562500 0.562500 0.562500 0.570312 0.568359 0.574219 0.576172 0.574219 0.582031 0.583984 0.597656 0.583984 0.597656 0.580078 0.585938 0.578125 0.578125 0.564453
1 0.843750 0.550781 0.841797 0.556641 0.835938 0.558594 0.835938 0.562500 0.839844 0.562500 0.851562 0.578125 0.859375 0.580078 0.857422 0.589844 0.843750 0.585938 0.843750 0.591797 0.859375 0.593750 0.859375 0.587891 0.869141 0.578125 0.869141 0.564453 0.851562 0.558594 0.847656 0.550781
1 0.859375 0.544922 0.859375 0.548828 0.865234 0.554688 0.875000 0.556641 0.876953 0.564453 0.894531 0.580078 0.902344 0.583984 0.912109 0.582031 0.912109 0.576172 0.908203 0.574219 0.908203 0.562500 0.892578 0.552734 0.880859 0.539062 0.871094 0.537109 0.869141 0.541016
1 0.585938 0.544922 0.583984 0.552734 0.589844 0.552734 0.595703 0.562500 0.609375 0.572266 0.613281 0.580078 0.619141 0.580078 0.625000 0.585938 0.625000 0.589844 0.628906 0.589844 0.632812 0.583984 0.638672 0.583984 0.638672 0.580078 0.646484 0.574219 0.646484 0.550781 0.638672 0.548828 0.630859 0.539062 0.623047 0.535156 0.623047 0.531250 0.609375 0.531250 0.609375 0.542969 0.603516 0.550781
1 0.798828 0.507812 0.775391 0.513672 0.804688 0.544922 0.759766 0.521484 0.736328 0.537109 0.742188 0.556641 0.716797 0.550781 0.718750 0.568359 0.748047 0.582031 0.724609 0.595703 0.738281 0.623047 0.705078 0.613281 0.701172 0.625000 0.716797 0.636719 0.703125 0.654297 0.722656 0.669922 0.767578 0.646484 0.781250 0.664062 0.794922 0.644531 0.775391 0.632812 0.781250 0.621094 0.751953 0.617188 0.789062 0.601562 0.755859 0.599609 0.763672 0.572266 0.808594 0.607422 0.820312 0.601562 0.828125 0.623047 0.839844 0.613281 0.789062 0.580078 0.787109 0.556641 0.798828 0.564453 0.806641 0.542969 0.833984 0.542969
1 0.812500 0.484375 0.812500 0.494141 0.816406 0.496094 0.816406 0.500000 0.810547 0.501953 0.814453 0.513672 0.824219 0.511719 0.828125 0.519531 0.833984 0.521484 0.833984 0.527344 0.841797 0.529297 0.843750 0.537109 0.853516 0.537109 0.863281 0.529297 0.863281 0.525391 0.853516 0.519531 0.847656 0.507812 0.841797 0.505859 0.841797 0.498047 0.835938 0.492188 0.828125 0.490234 0.826172 0.484375
1 0.601562 0.513672 0.585938 0.511719 0.583984 0.501953 0.570312 0.496094 0.570312 0.478516 0.564453 0.478516 0.554688 0.490234 0.535156 0.492188 0.544922 0.519531 0.535156 0.531250 0.535156 0.552734 0.519531 0.550781 0.515625 0.537109 0.496094 0.531250 0.494141 0.550781 0.472656 0.539062 0.464844 0.546875 0.468750 0.554688 0.482422 0.556641 0.490234 0.572266 0.515625 0.580078 0.523438 0.570312 0.535156 0.572266 0.539062 0.550781 0.558594 0.546875 0.556641 0.529297 0.564453 0.537109 0.572266 0.533203 0.566406 0.515625 0.554688 0.507812 0.556641 0.498047 0.568359 0.496094 0.585938 0.521484 0.599609 0.521484
1 0.611328 0.453125 0.601562 0.468750 0.619141 0.484375 0.619141 0.488281 0.611328 0.492188 0.607422 0.505859 0.613281 0.511719 0.623047 0.513672 0.625000 0.503906 0.619141 0.486328 0.630859 0.480469 0.638672 0.480469 0.638672 0.476562 0.634766 0.474609 0.636719 0.466797 0.646484 0.466797 0.650391 0.474609 0.654297 0.474609 0.654297 0.466797 0.644531 0.464844 0.638672 0.458984 0.634766 0.458984 0.632812 0.464844 0.617188 0.466797 0.615234 0.453125
1 0.718750 0.460938 0.718750 0.466797 0.724609 0.466797 0.728516 0.474609 0.750000 0.474609 0.748047 0.490234 0.761719 0.501953 0.773438 0.500000 0.773438 0.496094 0.761719 0.488281 0.759766 0.474609 0.748047 0.468750 0.750000 0.460938 0.765625 0.468750 0.783203 0.468750 0.785156 0.474609 0.777344 0.476562 0.777344 0.480469 0.787109 0.490234 0.792969 0.490234 0.800781 0.478516 0.796875 0.468750 0.781250 0.468750 0.779297 0.458984 0.767578 0.449219 0.748047 0.449219 0.742188 0.460938
1 0.648438 0.421875 0.664062 0.455078 0.693359 0.470703 0.689453 0.478516 0.671875 0.482422 0.671875 0.500000 0.658203 0.500000 0.667969 0.525391 0.679688 0.531250 0.664062 0.541016 0.673828 0.558594 0.679688 0.539062 0.707031 0.544922 0.685547 0.519531 0.687500 0.505859 0.703125 0.505859 0.705078 0.521484 0.730469 0.519531 0.720703 0.519531 0.710938 0.507812 0.708984 0.494141 0.720703 0.490234 0.697266 0.478516 0.695312 0.457031
1 0.697266 0.402344 0.697266 0.412109 0.707031 0.417969 0.707031 0.427734 0.699219 0.431641 0.685547 0.431641 0.689453 0.443359 0.707031 0.447266 0.710938 0.443359 0.712891 0.431641 0.716797 0.431641 0.728516 0.441406 0.734375 0.441406 0.730469 0.431641 0.734375 0.419922 0.730469 0.419922 0.728516 0.414062 0.720703 0.410156 0.712891 0.400391
