0 0.872749 0.550675 0.420184 0.316505 0.054841 0.474778 0.522217 0.747822 0.872749 0.550675
1 0.562500 0.683594 0.554688 0.683594 0.552734 0.689453 0.546875 0.689453 0.546875 0.699219 0.539062 0.707031 0.529297 0.703125 0.507812 0.718750 0.507812 0.726562 0.501953 0.728516 0.500000 0.734375 0.521484 0.736328 0.521484 0.722656 0.529297 0.710938 0.535156 0.712891 0.537109 0.722656 0.546875 0.716797 0.550781 0.716797 0.552734 0.722656 0.560547 0.722656 0.562500 0.716797 0.570312 0.716797 0.570312 0.712891 0.560547 0.710938 0.560547 0.701172 0.554688 0.699219 0.554688 0.691406 0.562500 0.687500
1 0.609375 0.667969 0.597656 0.669922 0.595703 0.675781 0.582031 0.677734 0.582031 0.681641 0.599609 0.683594 0.603516 0.689453 0.607422 0.689453 0.607422 0.685547 0.611328 0.683594
1 0.650391 0.656250 0.632812 0.656250 0.628906 0.658203 0.628906 0.664062 0.619141 0.666016 0.617188 0.671875 0.628906 0.671875 0.630859 0.666016 0.644531 0.664062 0.650391 0.660156
1 0.802734 0.578125 0.796875 0.578125 0.794922 0.582031 0.781250 0.580078 0.781250 0.591797 0.791016 0.593750 0.798828 0.589844
1 0.820312 0.537109 0.814453 0.537109 0.804688 0.552734 0.804688 0.560547 0.820312 0.560547 0.820312 0.552734 0.824219 0.550781
1 0.365234 0.542969 0.404297 0.578125 0.367188 0.652344 0.417969 0.638672 0.513672 0.640625 0.566406 0.667969 0.585938 0.623047 0.599609 0.613281 0.595703 0.591797 0.513672 0.591797 0.503906 0.574219 0.523438 0.560547 0.525391 0.541016 0.500000 0.539062 0.480469 0.523438 0.455078 0.539062
1 0.535156 0.457031 0.492188 0.417969 0.466797 0.433594 0.382812 0.421875 0.375000 0.435547 0.376953 0.464844 0.341797 0.472656 0.341797 0.480469 0.392578 0.498047 0.390625 0.517578 0.429688 0.511719 0.462891 0.517578 0.462891 0.488281 0.468750 0.480469 0.535156 0.468750
1 0.279297 0.376953 0.279297 0.380859 0.289062 0.380859 0.294922 0.386719 0.291016 0.398438 0.298828 0.398438 0.310547 0.388672 0.322266 0.388672 0.333984 0.380859 0.333984 0.376953 0.318359 0.376953 0.316406 0.382812 0.310547 0.382812 0.308594 0.378906 0.298828 0.378906 0.296875 0.375000
1 0.373047 0.373047 0.388672 0.373047 0.390625 0.369141 0.402344 0.369141 0.408203 0.363281 0.416016 0.363281 0.421875 0.369141 0.427734 0.369141 0.431641 0.363281 0.435547 0.363281 0.435547 0.359375 0.384766 0.359375 0.373047 0.369141
1 0.439453 0.328125 0.443359 0.345703 0.462891 0.341797 0.462891 0.337891
