0 0.483084 0.480125 0.485288 0.480952 0.371779 0.783415 0.691367 0.876799 0.811487 0.545411 0.483084 0.480125
1 0.705078 0.830078 0.701172 0.830078 0.699219 0.841797 0.691406 0.845703 0.691406 0.855469 0.685547 0.859375 0.687500 0.871094 0.691406 0.871094 0.695312 0.853516 0.699219 0.849609 0.699219 0.839844 0.703125 0.837891
1 0.445312 0.781250 0.445312 0.791016 0.466797 0.796875 0.476562 0.804688 0.494141 0.804688 0.500000 0.810547 0.505859 0.810547 0.511719 0.804688 0.511719 0.798828 0.505859 0.792969 0.482422 0.789062 0.480469 0.783203 0.474609 0.779297 0.453125 0.777344 0.451172 0.781250
1 0.421875 0.767578 0.417969 0.779297 0.431641 0.781250 0.429688 0.769531
1 0.386719 0.763672 0.386719 0.767578 0.400391 0.775391 0.410156 0.771484 0.402344 0.757812
1 0.388672 0.740234 0.388672 0.746094 0.431641 0.757812 0.445312 0.757812 0.447266 0.750000 0.427734 0.748047 0.421875 0.740234 0.423828 0.732422 0.443359 0.732422 0.445312 0.724609 0.408203 0.722656 0.408203 0.730469 0.417969 0.732422 0.416016 0.740234 0.408203 0.740234 0.404297 0.734375 0.398438 0.734375 0.392578 0.740234
1 0.603516 0.628906 0.601562 0.644531 0.609375 0.646484 0.611328 0.652344 0.597656 0.654297 0.595703 0.648438 0.589844 0.648438 0.587891 0.662109 0.613281 0.660156 0.617188 0.667969 0.607422 0.673828 0.593750 0.673828 0.593750 0.677734 0.605469 0.693359 0.619141 0.687500 0.628906 0.689453 0.628906 0.685547 0.619141 0.683594 0.617188 0.666016 0.626953 0.660156 0.625000 0.650391 0.630859 0.648438 0.628906 0.636719 0.617188 0.636719 0.613281 0.628906
1 0.507812 0.634766 0.509766 0.644531 0.507812 0.650391 0.501953 0.652344 0.500000 0.660156 0.503906 0.669922 0.492188 0.685547 0.511719 0.685547 0.513672 0.691406 0.523438 0.693359 0.537109 0.677734 0.550781 0.677734 0.552734 0.695312 0.558594 0.695312 0.560547 0.687500 0.556641 0.681641 0.560547 0.679688 0.560547 0.660156 0.554688 0.660156 0.552734 0.650391 0.548828 0.648438 0.550781 0.632812 0.533203 0.636719 0.529297 0.628906
1 0.455078 0.623047 0.455078 0.626953 0.490234 0.632812 0.490234 0.625000 0.480469 0.621094 0.478516 0.617188 0.464844 0.617188 0.462891 0.623047
1 0.513672 0.609375 0.515625 0.619141 0.529297 0.617188 0.529297 0.611328
1 0.437500 0.605469 0.427734 0.642578 0.466797 0.648438 0.466797 0.660156 0.439453 0.656250 0.437500 0.662109 0.466797 0.681641 0.425781 0.675781 0.421875 0.687500 0.427734 0.697266 0.404297 0.693359 0.402344 0.705078 0.425781 0.705078 0.455078 0.718750 0.476562 0.675781 0.474609 0.652344 0.488281 0.652344 0.488281 0.646484 0.441406 0.632812 0.437500 0.615234 0.443359 0.605469
1 0.455078 0.599609 0.455078 0.603516 0.462891 0.607422 0.488281 0.605469 0.500000 0.609375 0.498047 0.603516 0.482422 0.599609
1 0.457031 0.564453 0.457031 0.568359 0.462891 0.570312 0.462891 0.580078 0.476562 0.583984 0.480469 0.589844 0.490234 0.585938 0.486328 0.570312 0.468750 0.574219 0.460938 0.568359 0.460938 0.564453
1 0.500000 0.560547 0.501953 0.568359 0.529297 0.576172 0.529297 0.591797 0.541016 0.605469 0.564453 0.611328 0.560547 0.619141 0.548828 0.617188 0.548828 0.623047 0.580078 0.634766 0.582031 0.623047 0.568359 0.613281 0.587891 0.611328 0.593750 0.601562 0.566406 0.597656 0.541016 0.585938 0.539062 0.578125 0.552734 0.576172 0.582031 0.585938 0.593750 0.582031 0.593750 0.576172 0.554688 0.574219 0.552734 0.564453 0.564453 0.560547 0.560547 0.550781 0.531250 0.554688 0.529297 0.560547
1 0.630859 0.544922 0.630859 0.554688 0.648438 0.560547 0.689453 0.562500 0.703125 0.556641 0.703125 0.550781 0.687500 0.550781 0.679688 0.546875 0.673828 0.546875 0.667969 0.552734 0.660156 0.552734 0.650391 0.548828 0.648438 0.542969 0.642578 0.541016
1 0.798828 0.550781 0.728516 0.537109 0.746094 0.609375 0.707031 0.582031 0.677734 0.644531 0.687500 0.572266 0.587891 0.556641 0.648438 0.689453 0.533203 0.744141 0.494141 0.699219 0.527344 0.724609 0.455078 0.763672 0.548828 0.748047 0.535156 0.785156 0.603516 0.812500 0.593750 0.744141 0.644531 0.720703 0.677734 0.796875 0.535156 0.818359 0.666016 0.849609 0.630859 0.804688 0.667969 0.833984 0.724609 0.773438 0.636719 0.705078 0.708984 0.712891 0.685547 0.638672 0.740234 0.677734
1 0.642578 0.529297 0.642578 0.533203 0.654297 0.537109 0.673828 0.535156 0.691406 0.537109 0.699219 0.541016 0.712891 0.539062 0.714844 0.529297 0.691406 0.521484 0.681641 0.521484 0.669922 0.515625 0.654297 0.515625 0.652344 0.527344
1 0.548828 0.523438 0.552734 0.531250 0.570312 0.527344 0.582031 0.535156 0.582031 0.541016 0.615234 0.548828 0.621094 0.537109 0.613281 0.537109 0.599609 0.529297 0.578125 0.527344 0.576172 0.521484 0.583984 0.515625 0.603516 0.517578 0.609375 0.523438 0.623047 0.525391 0.623047 0.515625 0.607422 0.505859 0.597656 0.507812 0.591797 0.503906 0.568359 0.501953 0.562500 0.505859 0.562500 0.525391 0.556641 0.527344
1 0.482422 0.488281 0.484375 0.498047 0.498047 0.496094 0.500000 0.501953 0.523438 0.509766 0.521484 0.515625 0.482422 0.509766 0.476562 0.503906 0.482422 0.521484 0.500000 0.523438 0.498047 0.531250 0.486328 0.531250 0.484375 0.537109 0.507812 0.548828 0.529297 0.548828 0.531250 0.537109 0.525391 0.537109 0.523438 0.529297 0.533203 0.527344 0.533203 0.511719 0.544922 0.507812 0.542969 0.498047 0.533203 0.498047 0.529297 0.490234 0.517578 0.486328 0.505859 0.492188
