0 0.998765 0.600656 0.964907 0.533089 0.504115 0.560856 0.606147 0.918127 0.998765 0.886658 0.998765 0.600656
1 0.636719 0.914062 0.728516 0.908203 0.728516 0.900391 0.722656 0.892578 0.679688 0.892578 0.677734 0.896484 0.656250 0.896484 0.654297 0.902344 0.638672 0.904297
1 0.945312 0.888672 0.962891 0.888672 0.968750 0.886719 0.970703 0.880859 0.990234 0.882812 0.990234 0.876953 0.947266 0.876953
1 0.691406 0.855469 0.691406 0.863281 0.695312 0.869141 0.712891 0.871094 0.712891 0.861328 0.708984 0.853516
1 0.728516 0.851562 0.728516 0.871094 0.759766 0.871094 0.753906 0.859375 0.746094 0.855469 0.742188 0.849609
1 0.582031 0.832031 0.585938 0.849609 0.609375 0.845703 0.609375 0.839844 0.605469 0.835938 0.595703 0.837891 0.593750 0.832031
1 0.716797 0.830078 0.718750 0.837891 0.738281 0.835938 0.738281 0.832031 0.730469 0.830078 0.728516 0.820312 0.724609 0.820312 0.724609 0.824219
1 0.919922 0.593750 0.824219 0.603516 0.742188 0.582031 0.710938 0.617188 0.718750 0.705078 0.636719 0.703125 0.599609 0.773438 0.660156 0.761719 0.705078 0.810547 0.783203 0.761719 0.833984 0.779297 0.810547 0.734375 0.828125 0.714844 0.769531 0.693359 0.722656 0.707031 0.728516 0.644531 0.804688 0.646484 0.783203 0.691406 0.843750 0.708984 0.863281 0.687500 0.947266 0.685547 0.904297 0.652344
1 0.509766 0.580078 0.541016 0.580078 0.544922 0.576172 0.556641 0.580078 0.560547 0.572266 0.509766 0.574219
1 0.935547 0.542969 0.927734 0.541016 0.896484 0.544922 0.888672 0.552734 0.875000 0.554688 0.875000 0.560547 0.935547 0.554688
