0 0.288889 0.554630 0.349110 0.763556 0.642867 0.710799 0.541656 0.520131 0.288889 0.554630
1 0.419922 0.734375 0.419922 0.738281 0.427734 0.740234 0.427734 0.746094 0.455078 0.742188 0.455078 0.738281 0.447266 0.734375
1 0.367188 0.712891 0.367188 0.716797 0.371094 0.716797 0.373047 0.722656 0.378906 0.724609 0.378906 0.728516 0.384766 0.728516 0.384766 0.720703 0.380859 0.716797
1 0.546875 0.712891 0.546875 0.716797 0.552734 0.718750 0.554688 0.724609 0.558594 0.724609 0.560547 0.712891
1 0.460938 0.693359 0.460938 0.697266 0.455078 0.699219 0.453125 0.705078 0.464844 0.708984 0.466797 0.693359
1 0.609375 0.683594 0.609375 0.695312 0.617188 0.699219 0.617188 0.708984 0.628906 0.705078 0.630859 0.695312 0.619141 0.697266 0.619141 0.683594
1 0.500000 0.679688 0.498047 0.699219 0.507812 0.701172 0.511719 0.699219 0.509766 0.689453 0.515625 0.687500 0.515625 0.681641
1 0.328125 0.673828 0.326172 0.687500 0.335938 0.689453 0.330078 0.703125 0.341797 0.703125 0.343750 0.693359 0.353516 0.689453 0.351562 0.681641 0.335938 0.685547 0.332031 0.673828
1 0.621094 0.667969 0.611328 0.654297 0.597656 0.648438 0.597656 0.654297 0.607422 0.666016 0.605469 0.673828 0.585938 0.675781 0.582031 0.669922 0.562500 0.664062 0.560547 0.654297 0.554688 0.654297 0.552734 0.662109 0.544922 0.667969 0.531250 0.667969 0.529297 0.677734 0.539062 0.685547 0.539062 0.689453 0.558594 0.689453 0.568359 0.673828 0.587891 0.675781 0.591797 0.683594 0.599609 0.683594 0.605469 0.673828 0.617188 0.673828
1 0.453125 0.648438 0.451172 0.662109 0.445312 0.664062 0.441406 0.671875 0.447266 0.673828 0.449219 0.679688 0.457031 0.679688 0.458984 0.683594 0.462891 0.683594 0.466797 0.671875 0.460938 0.669922 0.460938 0.664062 0.457031 0.660156 0.457031 0.648438
1 0.345703 0.642578 0.345703 0.646484 0.351562 0.652344 0.355469 0.652344 0.355469 0.644531
1 0.410156 0.646484 0.408203 0.658203 0.419922 0.660156 0.421875 0.666016 0.429688 0.666016 0.435547 0.660156 0.435547 0.656250 0.443359 0.652344 0.441406 0.646484 0.425781 0.646484 0.423828 0.640625 0.419922 0.640625 0.417969 0.646484
1 0.345703 0.605469 0.351562 0.632812 0.355469 0.632812 0.349609 0.605469
1 0.535156 0.601562 0.535156 0.605469 0.541016 0.607422 0.541016 0.613281 0.546875 0.623047 0.558594 0.623047 0.560547 0.626953 0.570312 0.625000 0.570312 0.621094 0.556641 0.619141 0.552734 0.603516
1 0.369141 0.591797 0.382812 0.648438 0.371094 0.660156 0.378906 0.685547 0.365234 0.685547 0.365234 0.691406 0.388672 0.693359 0.382812 0.681641 0.392578 0.673828 0.398438 0.675781 0.406250 0.699219 0.437500 0.687500 0.437500 0.681641 0.429688 0.681641 0.417969 0.689453 0.416016 0.681641 0.404297 0.677734 0.404297 0.669922 0.376953 0.662109 0.382812 0.654297 0.400391 0.654297 0.400391 0.644531 0.408203 0.638672 0.402344 0.634766 0.400391 0.644531 0.388672 0.640625 0.376953 0.593750
1 0.568359 0.582031 0.566406 0.591797 0.572266 0.591797 0.574219 0.603516 0.580078 0.603516 0.582031 0.597656 0.574219 0.591797 0.574219 0.583984
1 0.400391 0.578125 0.400391 0.611328 0.408203 0.623047 0.421875 0.621094 0.421875 0.617188 0.414062 0.617188 0.410156 0.613281 0.404297 0.595703 0.404297 0.589844 0.414062 0.587891 0.414062 0.583984 0.406250 0.583984 0.404297 0.578125
1 0.529297 0.572266 0.531250 0.591797 0.537109 0.591797 0.533203 0.572266
1 0.396484 0.562500 0.392578 0.562500 0.388672 0.568359 0.380859 0.568359 0.380859 0.574219 0.386719 0.574219 0.388672 0.570312 0.398438 0.570312
1 0.417969 0.562500 0.437500 0.636719 0.466797 0.640625 0.472656 0.656250 0.509766 0.652344 0.500000 0.623047 0.507812 0.611328 0.527344 0.654297 0.541016 0.654297 0.548828 0.634766 0.529297 0.630859 0.531250 0.607422 0.509766 0.578125 0.515625 0.556641 0.492188 0.544922 0.507812 0.607422 0.490234 0.599609 0.472656 0.550781 0.462891 0.558594 0.496094 0.648438 0.478516 0.642578 0.458984 0.572266 0.443359 0.570312 0.457031 0.607422 0.447266 0.621094 0.425781 0.574219 0.435547 0.558594
