0 0.772917 0.292531 0.500992 0.219907 0.339821 0.447069 0.593286 0.534668 0.772917 0.292531
1 0.556641 0.486328 0.556641 0.494141 0.568359 0.496094 0.564453 0.486328
1 0.568359 0.478516 0.568359 0.482422 0.582031 0.486328 0.582031 0.490234 0.576172 0.496094 0.580078 0.505859 0.601562 0.505859 0.599609 0.500000 0.585938 0.496094 0.582031 0.492188 0.582031 0.488281 0.591797 0.486328 0.591797 0.482422
1 0.488281 0.478516 0.486328 0.494141 0.494141 0.498047 0.509766 0.498047 0.521484 0.509766 0.562500 0.523438 0.568359 0.523438 0.572266 0.517578 0.582031 0.519531 0.582031 0.513672 0.570312 0.513672 0.566406 0.505859 0.535156 0.500000 0.529297 0.492188 0.513672 0.492188 0.509766 0.484375 0.500000 0.484375 0.498047 0.480469
1 0.412109 0.453125 0.414062 0.468750 0.429688 0.474609 0.443359 0.474609 0.453125 0.482422 0.460938 0.482422 0.458984 0.468750 0.447266 0.466797 0.445312 0.460938 0.468750 0.460938 0.468750 0.451172 0.453125 0.451172 0.447266 0.447266 0.439453 0.447266 0.437500 0.453125
1 0.375000 0.425781 0.369141 0.425781 0.369141 0.435547 0.363281 0.437500 0.365234 0.451172 0.369141 0.451172 0.373047 0.435547 0.378906 0.433594
1 0.503906 0.406250 0.498047 0.410156 0.488281 0.408203 0.492188 0.421875 0.486328 0.427734 0.480469 0.425781 0.480469 0.416016 0.449219 0.412109 0.443359 0.416016 0.443359 0.419922 0.466797 0.419922 0.468750 0.427734 0.445312 0.431641 0.449219 0.441406 0.470703 0.443359 0.472656 0.449219 0.484375 0.451172 0.482422 0.429688 0.498047 0.425781 0.498047 0.417969 0.501953 0.416016
1 0.380859 0.392578 0.380859 0.396484 0.388672 0.400391 0.400391 0.400391 0.400391 0.396484 0.396484 0.396484 0.390625 0.390625
1 0.406250 0.382812 0.406250 0.386719 0.414062 0.388672 0.414062 0.396484 0.408203 0.398438 0.408203 0.402344 0.417969 0.402344 0.419922 0.410156 0.431641 0.406250 0.431641 0.400391 0.439453 0.394531 0.439453 0.388672 0.412109 0.386719 0.410156 0.382812
1 0.564453 0.371094 0.564453 0.378906 0.558594 0.382812 0.558594 0.390625 0.585938 0.390625 0.585938 0.384766 0.580078 0.384766 0.578125 0.376953 0.570312 0.376953 0.568359 0.371094
1 0.570312 0.349609 0.574219 0.361328 0.589844 0.365234 0.589844 0.359375 0.582031 0.359375 0.580078 0.351562
1 0.488281 0.347656 0.490234 0.357422 0.494141 0.359375 0.494141 0.367188 0.480469 0.369141 0.480469 0.373047 0.488281 0.373047 0.503906 0.380859 0.515625 0.382812 0.525391 0.378906 0.527344 0.371094 0.525391 0.365234 0.519531 0.363281 0.517578 0.355469 0.503906 0.357422 0.498047 0.349609
1 0.431641 0.322266 0.431641 0.328125 0.417969 0.333984 0.414062 0.341797 0.431641 0.351562 0.437500 0.359375 0.437500 0.378906 0.451172 0.382812 0.451172 0.378906 0.457031 0.375000 0.458984 0.359375 0.451172 0.357422 0.449219 0.349609 0.435547 0.347656 0.437500 0.333984 0.435547 0.322266
1 0.474609 0.320312 0.478516 0.332031 0.486328 0.332031 0.486328 0.328125 0.490234 0.326172 0.488281 0.320312
1 0.517578 0.314453 0.517578 0.322266 0.523438 0.322266 0.525391 0.328125 0.542969 0.333984 0.560547 0.335938 0.568359 0.326172 0.568359 0.322266 0.564453 0.322266 0.562500 0.328125 0.556641 0.328125 0.531250 0.312500
1 0.554688 0.306641 0.554688 0.312500 0.562500 0.314453 0.572266 0.310547 0.572266 0.306641 0.568359 0.304688
1 0.675781 0.296875 0.675781 0.308594 0.695312 0.310547 0.701172 0.316406 0.710938 0.314453 0.707031 0.306641 0.689453 0.304688 0.685547 0.300781 0.685547 0.294922
1 0.458984 0.298828 0.460938 0.308594 0.480469 0.310547 0.474609 0.294922 0.470703 0.294922 0.468750 0.300781
1 0.615234 0.281250 0.632812 0.300781 0.587891 0.314453 0.607422 0.416016 0.583984 0.427734 0.550781 0.402344 0.568359 0.433594 0.531250 0.402344 0.492188 0.449219 0.509766 0.476562 0.539062 0.482422 0.556641 0.435547 0.585938 0.439453 0.580078 0.462891 0.636719 0.458984 0.613281 0.414062 0.638672 0.416016 0.638672 0.355469 0.603516 0.328125 0.646484 0.333984 0.646484 0.355469 0.673828 0.345703 0.650391 0.394531 0.683594 0.382812 0.675781 0.347656 0.699219 0.347656 0.636719 0.326172 0.634766 0.296875 0.666016 0.302734
1 0.689453 0.287109 0.689453 0.291016 0.695312 0.291016 0.703125 0.296875 0.714844 0.296875 0.718750 0.300781 0.740234 0.304688 0.744141 0.300781 0.744141 0.296875 0.740234 0.296875 0.736328 0.289062 0.708984 0.279297 0.695312 0.279297
1 0.582031 0.277344 0.583984 0.283203 0.595703 0.285156 0.589844 0.273438
1 0.626953 0.259766 0.626953 0.263672 0.634766 0.267578 0.640625 0.275391 0.654297 0.273438 0.666016 0.285156 0.675781 0.285156 0.679688 0.281250 0.679688 0.277344 0.673828 0.271484 0.667969 0.271484 0.662109 0.263672 0.656250 0.263672 0.652344 0.259766
1 0.470703 0.259766 0.470703 0.263672 0.478516 0.265625 0.490234 0.275391 0.496094 0.275391 0.500000 0.279297 0.511719 0.279297 0.513672 0.285156 0.509766 0.287109 0.509766 0.291016 0.513672 0.292969 0.515625 0.302734 0.544922 0.302734 0.544922 0.294922 0.548828 0.292969 0.548828 0.289062 0.539062 0.287109 0.537109 0.283203 0.523438 0.283203 0.521484 0.277344 0.513672 0.273438 0.501953 0.273438 0.494141 0.265625 0.494141 0.261719 0.488281 0.261719 0.484375 0.257812
1 0.554688 0.267578 0.560547 0.269531 0.560547 0.275391 0.570312 0.275391 0.572266 0.271484 0.576172 0.271484 0.578125 0.259766 0.597656 0.265625 0.599609 0.259766 0.609375 0.259766 0.609375 0.253906 0.601562 0.250000 0.562500 0.248047 0.562500 0.253906 0.570312 0.255859 0.572266 0.261719 0.560547 0.263672 0.558594 0.259766 0.554688 0.259766
1 0.503906 0.234375 0.503906 0.238281 0.517578 0.246094 0.515625 0.253906 0.507812 0.257812 0.507812 0.261719 0.531250 0.263672 0.531250 0.250000 0.539062 0.248047 0.539062 0.240234 0.535156 0.234375
