0 0.605409 0.366081 0.375331 0.202546 0.102886 0.418971 0.351943 0.576814 0.605409 0.366081
1 0.343750 0.533203 0.349609 0.544922 0.359375 0.542969 0.361328 0.546875 0.375000 0.548828 0.375000 0.542969 0.359375 0.539062 0.355469 0.531250
1 0.328125 0.517578 0.328125 0.523438 0.320312 0.525391 0.320312 0.529297 0.332031 0.531250 0.337891 0.527344 0.337891 0.523438 0.332031 0.517578
1 0.250000 0.501953 0.253906 0.511719 0.263672 0.521484 0.281250 0.529297 0.300781 0.544922 0.306641 0.544922 0.322266 0.558594 0.335938 0.554688 0.337891 0.560547 0.345703 0.560547 0.345703 0.552734 0.335938 0.552734 0.332031 0.544922 0.322266 0.537109 0.300781 0.533203 0.298828 0.523438 0.289062 0.515625 0.281250 0.515625 0.279297 0.507812 0.265625 0.500000
1 0.177734 0.457031 0.177734 0.464844 0.203125 0.482422 0.218750 0.486328 0.220703 0.492188 0.230469 0.490234 0.230469 0.478516 0.222656 0.476562 0.210938 0.462891 0.210938 0.458984 0.189453 0.453125 0.187500 0.457031
1 0.201172 0.443359 0.201172 0.447266 0.214844 0.449219 0.216797 0.457031 0.224609 0.464844 0.240234 0.472656 0.250000 0.470703 0.250000 0.466797 0.244141 0.460938 0.224609 0.449219 0.218750 0.449219 0.216797 0.441406 0.205078 0.439453
1 0.162109 0.437500 0.158203 0.445312 0.162109 0.447266 0.162109 0.453125 0.167969 0.455078 0.169922 0.443359 0.166016 0.437500
1 0.134766 0.429688 0.134766 0.435547 0.140625 0.439453 0.154297 0.437500 0.152344 0.427734
1 0.232422 0.414062 0.291016 0.449219 0.271484 0.460938 0.232422 0.433594 0.234375 0.449219 0.273438 0.462891 0.289062 0.507812 0.312500 0.505859 0.328125 0.478516 0.359375 0.494141 0.361328 0.511719 0.337891 0.511719 0.376953 0.539062 0.388672 0.529297 0.367188 0.509766 0.402344 0.521484 0.402344 0.500000 0.423828 0.509766 0.408203 0.486328 0.414062 0.464844 0.359375 0.462891 0.361328 0.451172 0.382812 0.453125 0.382812 0.437500 0.347656 0.435547 0.337891 0.419922 0.330078 0.427734 0.349609 0.451172 0.322266 0.433594 0.291016 0.449219 0.259766 0.417969
1 0.365234 0.410156 0.363281 0.421875 0.373047 0.419922 0.375000 0.423828 0.382812 0.423828 0.380859 0.412109 0.375000 0.412109 0.373047 0.408203
1 0.251953 0.400391 0.251953 0.404297 0.255859 0.404297 0.259766 0.410156 0.275391 0.412109 0.277344 0.416016 0.281250 0.416016 0.283203 0.425781 0.287109 0.429688 0.302734 0.427734 0.304688 0.423828 0.302734 0.417969 0.296875 0.417969 0.292969 0.414062 0.283203 0.417969 0.279297 0.404297 0.267578 0.406250 0.265625 0.402344
1 0.146484 0.404297 0.148438 0.414062 0.152344 0.414062 0.154297 0.417969 0.162109 0.417969 0.164062 0.423828 0.167969 0.423828 0.175781 0.433594 0.183594 0.437500 0.189453 0.435547 0.189453 0.429688 0.179688 0.427734 0.179688 0.414062 0.208984 0.419922 0.207031 0.410156 0.199219 0.408203 0.197266 0.402344 0.179688 0.400391 0.179688 0.412109 0.167969 0.414062 0.166016 0.417969 0.160156 0.416016 0.160156 0.404297
1 0.128906 0.398438 0.125000 0.398438 0.109375 0.412109 0.109375 0.419922 0.117188 0.419922 0.117188 0.414062 0.128906 0.402344
1 0.431641 0.394531 0.417969 0.402344 0.423828 0.416016 0.416016 0.417969 0.406250 0.412109 0.404297 0.423828 0.408203 0.429688 0.423828 0.435547 0.419922 0.443359 0.408203 0.443359 0.416016 0.460938 0.443359 0.466797 0.439453 0.447266 0.443359 0.445312 0.445312 0.431641 0.437500 0.425781 0.437500 0.419922 0.447266 0.417969 0.451172 0.406250 0.443359 0.406250 0.441406 0.400391
1 0.511719 0.378906 0.505859 0.382812 0.484375 0.380859 0.486328 0.386719 0.498047 0.390625 0.498047 0.408203 0.484375 0.408203 0.482422 0.398438 0.466797 0.396484 0.470703 0.419922 0.482422 0.414062 0.486328 0.427734 0.472656 0.429688 0.466797 0.421875 0.458984 0.421875 0.458984 0.429688 0.480469 0.447266 0.484375 0.447266 0.486328 0.437500 0.498047 0.435547 0.496094 0.423828 0.507812 0.421875 0.509766 0.414062 0.531250 0.414062 0.527344 0.398438 0.513672 0.394531
1 0.404297 0.375000 0.398438 0.375000 0.398438 0.378906 0.392578 0.380859 0.392578 0.392578 0.380859 0.394531 0.380859 0.400391 0.384766 0.404297 0.396484 0.408203 0.394531 0.396484 0.408203 0.396484 0.412109 0.392578 0.412109 0.386719 0.404297 0.382812
1 0.357422 0.376953 0.341797 0.365234 0.341797 0.359375 0.332031 0.359375 0.322266 0.351562 0.308594 0.353516 0.302734 0.365234 0.294922 0.365234 0.289062 0.371094 0.291016 0.380859 0.279297 0.384766 0.279297 0.394531 0.285156 0.394531 0.287109 0.402344 0.302734 0.404297 0.302734 0.396484 0.291016 0.386719 0.292969 0.380859 0.300781 0.380859 0.312500 0.394531 0.328125 0.396484 0.330078 0.404297 0.333984 0.404297 0.333984 0.396484 0.341797 0.392578 0.339844 0.375000 0.347656 0.373047 0.353516 0.380859 0.357422 0.380859
1 0.591797 0.357422 0.578125 0.351562 0.574219 0.343750 0.564453 0.341797 0.560547 0.333984 0.544922 0.333984 0.537109 0.339844 0.537109 0.351562 0.525391 0.345703 0.525391 0.351562 0.521484 0.353516 0.521484 0.357422 0.533203 0.367188 0.529297 0.378906 0.537109 0.384766 0.537109 0.392578 0.544922 0.392578 0.544922 0.388672 0.537109 0.382812 0.537109 0.376953 0.552734 0.371094 0.556641 0.359375 0.582031 0.371094 0.583984 0.367188 0.591797 0.367188
1 0.441406 0.324219 0.441406 0.335938 0.427734 0.337891 0.423828 0.341797 0.423828 0.355469 0.416016 0.363281 0.406250 0.357422 0.406250 0.367188 0.419922 0.369141 0.429688 0.384766 0.443359 0.388672 0.445312 0.396484 0.457031 0.396484 0.453125 0.378906 0.441406 0.373047 0.435547 0.361328 0.445312 0.359375 0.457031 0.371094 0.472656 0.375000 0.476562 0.369141 0.466797 0.365234 0.466797 0.357422 0.492188 0.355469 0.492188 0.351562 0.464844 0.337891 0.449219 0.324219
1 0.394531 0.324219 0.398438 0.332031 0.416016 0.332031 0.416016 0.324219 0.402344 0.324219 0.400391 0.320312 0.396484 0.320312
1 0.279297 0.351562 0.248047 0.333984 0.248047 0.314453 0.234375 0.316406 0.226562 0.324219 0.253906 0.349609 0.251953 0.355469 0.230469 0.357422 0.240234 0.363281 0.242188 0.375000 0.234375 0.376953 0.216797 0.363281 0.203125 0.365234 0.207031 0.380859 0.185547 0.373047 0.173828 0.378906 0.197266 0.386719 0.210938 0.402344 0.226562 0.404297 0.232422 0.392578 0.246094 0.388672 0.248047 0.375000 0.257812 0.376953 0.265625 0.371094 0.259766 0.357422 0.279297 0.359375
1 0.460938 0.312500 0.460938 0.320312 0.470703 0.328125 0.478516 0.328125 0.482422 0.335938 0.488281 0.335938 0.490234 0.339844 0.496094 0.339844 0.500000 0.343750 0.515625 0.341797 0.515625 0.337891 0.503906 0.324219 0.490234 0.326172 0.484375 0.318359 0.478516 0.318359 0.474609 0.312500
1 0.255859 0.308594 0.255859 0.312500 0.261719 0.314453 0.261719 0.322266 0.271484 0.324219 0.273438 0.332031 0.283203 0.335938 0.283203 0.341797 0.289062 0.345703 0.302734 0.341797 0.300781 0.335938 0.287109 0.333984 0.285156 0.326172 0.271484 0.324219 0.269531 0.316406 0.261719 0.314453 0.259766 0.308594
1 0.273438 0.304688 0.273438 0.308594 0.281250 0.314453 0.298828 0.318359 0.310547 0.330078 0.318359 0.330078 0.318359 0.326172 0.312500 0.320312 0.306641 0.320312 0.302734 0.314453 0.294922 0.314453 0.291016 0.308594
1 0.496094 0.292969 0.492188 0.312500 0.501953 0.312500 0.505859 0.318359 0.513672 0.318359 0.523438 0.330078 0.539062 0.326172 0.539062 0.320312 0.527344 0.310547 0.521484 0.310547 0.517578 0.302734 0.505859 0.294922
1 0.423828 0.289062 0.423828 0.292969 0.435547 0.298828 0.437500 0.306641 0.455078 0.306641 0.455078 0.302734 0.443359 0.289062
1 0.296875 0.283203 0.294922 0.291016 0.304688 0.302734 0.328125 0.302734 0.328125 0.296875 0.322266 0.296875 0.320312 0.289062 0.304688 0.289062 0.302734 0.281250
1 0.326172 0.277344 0.341797 0.294922 0.351562 0.294922 0.359375 0.308594 0.375000 0.314453 0.373047 0.320312 0.351562 0.318359 0.355469 0.333984 0.369141 0.345703 0.365234 0.369141 0.375000 0.373047 0.378906 0.367188 0.376953 0.353516 0.398438 0.351562 0.398438 0.345703 0.384766 0.341797 0.373047 0.328125 0.375000 0.318359 0.384766 0.320312 0.382812 0.310547 0.388672 0.308594 0.392578 0.296875 0.382812 0.289062 0.355469 0.294922 0.337891 0.277344
1 0.402344 0.269531 0.402344 0.275391 0.410156 0.275391 0.417969 0.281250 0.423828 0.281250 0.419922 0.271484
1 0.421875 0.261719 0.421875 0.267578 0.433594 0.269531 0.441406 0.279297 0.451172 0.281250 0.460938 0.289062 0.470703 0.289062 0.464844 0.271484 0.457031 0.271484 0.449219 0.263672 0.449219 0.259766 0.425781 0.257812
1 0.324219 0.244141 0.324219 0.248047 0.333984 0.250000 0.335938 0.257812 0.343750 0.263672 0.343750 0.271484 0.367188 0.283203 0.378906 0.277344 0.376953 0.269531 0.371094 0.269531 0.359375 0.261719 0.345703 0.257812 0.341797 0.250000 0.332031 0.248047 0.332031 0.242188
1 0.343750 0.228516 0.343750 0.232422 0.349609 0.234375 0.351562 0.248047 0.371094 0.248047 0.378906 0.259766 0.392578 0.257812 0.394531 0.248047 0.404297 0.248047 0.400391 0.226562 0.388672 0.218750 0.369141 0.218750 0.369141 0.224609 0.376953 0.228516 0.378906 0.236328 0.384766 0.242188 0.382812 0.248047 0.369141 0.248047 0.367188 0.242188 0.349609 0.234375 0.347656 0.228516
