0 0.663746 0.393328 0.195062 0.382408 0.143709 0.667297 0.675267 0.683957 0.663746 0.393328
1 0.287109 0.662109 0.220703 0.662109 0.216797 0.664062 0.216797 0.667969 0.279297 0.669922 0.281250 0.666016 0.287109 0.666016
1 0.667969 0.656250 0.660156 0.671875 0.664062 0.679688 0.673828 0.683594 0.673828 0.679688 0.667969 0.677734 0.667969 0.673828 0.673828 0.671875 0.673828 0.660156 0.671875 0.656250
1 0.486328 0.519531 0.501953 0.531250 0.494141 0.542969 0.513672 0.542969 0.515625 0.560547 0.531250 0.560547 0.527344 0.574219 0.505859 0.580078 0.500000 0.599609 0.527344 0.601562 0.529297 0.615234 0.550781 0.615234 0.564453 0.603516 0.626953 0.599609 0.628906 0.591797 0.593750 0.576172 0.617188 0.539062 0.617188 0.527344 0.558594 0.529297 0.544922 0.548828 0.529297 0.550781 0.529297 0.533203
1 0.195312 0.601562 0.240234 0.615234 0.251953 0.607422 0.271484 0.632812 0.318359 0.654297 0.382812 0.630859 0.394531 0.617188 0.386719 0.597656 0.423828 0.593750 0.396484 0.582031 0.361328 0.605469 0.343750 0.591797 0.351562 0.574219 0.382812 0.566406 0.373047 0.585938 0.355469 0.585938 0.375000 0.589844 0.394531 0.562500 0.458984 0.558594 0.472656 0.539062 0.406250 0.548828 0.396484 0.523438 0.312500 0.519531 0.308594 0.531250 0.283203 0.529297 0.267578 0.564453
1 0.435547 0.482422 0.429688 0.482422 0.427734 0.478516 0.414062 0.478516 0.396484 0.492188 0.392578 0.503906 0.408203 0.505859 0.410156 0.509766 0.414062 0.509766 0.416016 0.496094 0.425781 0.488281 0.433594 0.488281
1 0.585938 0.451172 0.582031 0.443359 0.566406 0.447266 0.521484 0.447266 0.517578 0.455078 0.511719 0.457031 0.515625 0.462891 0.513672 0.468750 0.500000 0.468750 0.486328 0.476562 0.457031 0.478516 0.455078 0.486328 0.509766 0.486328 0.519531 0.480469 0.529297 0.480469 0.533203 0.468750 0.550781 0.466797 0.560547 0.458984 0.585938 0.462891
1 0.431641 0.435547 0.431641 0.439453 0.437500 0.445312 0.451172 0.443359 0.453125 0.437500 0.472656 0.437500 0.472656 0.433594 0.468750 0.431641 0.439453 0.431641 0.437500 0.435547
1 0.423828 0.421875 0.408203 0.417969 0.402344 0.425781 0.359375 0.423828 0.353516 0.427734 0.345703 0.427734 0.345703 0.435547 0.349609 0.435547 0.351562 0.431641 0.404297 0.431641 0.408203 0.427734 0.423828 0.425781
1 0.658203 0.416016 0.656250 0.449219 0.648438 0.447266 0.640625 0.425781 0.644531 0.521484 0.654297 0.531250 0.648438 0.556641 0.658203 0.578125 0.652344 0.603516 0.662109 0.611328 0.656250 0.632812 0.671875 0.646484 0.664062 0.425781
1 0.181641 0.451172 0.269531 0.449219 0.292969 0.458984 0.332031 0.421875 0.341797 0.398438 0.320312 0.402344 0.298828 0.431641 0.273438 0.425781 0.248047 0.441406 0.197266 0.437500 0.195312 0.427734 0.248047 0.412109 0.242188 0.396484 0.298828 0.392578 0.291016 0.382812 0.216797 0.388672 0.189453 0.408203 0.203125 0.408203 0.210938 0.419922 0.185547 0.423828
