0 0.800000 0.203241 0.611084 0.440532 0.994530 0.518280 0.996175 0.231352 0.800000 0.203241
1 0.716797 0.457031 0.716797 0.460938 0.734375 0.464844 0.734375 0.458984
1 0.707031 0.392578 0.773438 0.429688 0.781250 0.451172 0.806641 0.453125 0.882812 0.435547 0.863281 0.417969 0.904297 0.410156 0.894531 0.400391 0.921875 0.382812 0.990234 0.392578 0.994141 0.375000 0.957031 0.357422 0.931641 0.361328 0.906250 0.347656 0.888672 0.353516 0.873047 0.343750 0.812500 0.339844 0.812500 0.353516 0.789062 0.363281 0.785156 0.380859 0.736328 0.375000
1 0.771484 0.335938 0.773438 0.341797 0.792969 0.341797 0.792969 0.337891
1 0.847656 0.324219 0.847656 0.330078 0.857422 0.330078 0.863281 0.335938 0.880859 0.333984 0.882812 0.337891 0.904297 0.337891 0.904297 0.333984 0.880859 0.326172 0.863281 0.328125
1 0.986328 0.322266 0.986328 0.330078 0.982422 0.332031 0.982422 0.335938 0.998047 0.337891 0.998047 0.332031 0.992188 0.332031 0.990234 0.322266
1 0.935547 0.322266 0.939453 0.335938 0.955078 0.335938 0.968750 0.328125 0.978516 0.328125 0.978516 0.322266 0.958984 0.318359
1 0.769531 0.312500 0.769531 0.316406 0.783203 0.316406 0.785156 0.322266 0.796875 0.322266 0.806641 0.326172 0.812500 0.324219 0.812500 0.318359
1 0.783203 0.296875 0.783203 0.300781 0.791016 0.300781 0.792969 0.304688 0.802734 0.306641 0.802734 0.298828
1 0.751953 0.291016 0.751953 0.294922 0.757812 0.298828 0.773438 0.296875 0.773438 0.292969
1 0.767578 0.271484 0.771484 0.281250 0.792969 0.281250 0.792969 0.275391
1 0.908203 0.246094 0.908203 0.251953 0.923828 0.251953 0.933594 0.255859 0.933594 0.250000
1 0.761719 0.250000 0.843750 0.279297 0.878906 0.267578 0.855469 0.291016 0.810547 0.285156 0.839844 0.296875 0.830078 0.310547 0.855469 0.306641 0.910156 0.326172 0.933594 0.308594 0.998047 0.310547 0.986328 0.281250 0.884766 0.275391 0.898438 0.255859 0.882812 0.255859 0.873047 0.232422 0.826172 0.240234 0.835938 0.250000 0.875000 0.246094 0.853516 0.263672
1 0.800781 0.218750 0.800781 0.222656 0.812500 0.224609 0.812500 0.234375 0.816406 0.234375 0.816406 0.226562 0.822266 0.222656 0.853516 0.224609 0.853516 0.220703 0.847656 0.220703 0.845703 0.214844 0.820312 0.214844 0.818359 0.218750
