0 0.229630 0.382408 0.357648 0.587698 0.750968 0.534940 0.569942 0.340570 0.229630 0.382408
1 0.419922 0.572266 0.435547 0.576172 0.435547 0.572266 0.443359 0.570312 0.447266 0.562500 0.419922 0.564453
1 0.697266 0.537109 0.689453 0.533203 0.673828 0.537109 0.671875 0.542969 0.697266 0.541016
1 0.728516 0.531250 0.716797 0.529297 0.714844 0.533203 0.707031 0.533203 0.707031 0.539062 0.726562 0.537109
1 0.707031 0.492188 0.707031 0.496094 0.718750 0.511719 0.730469 0.517578 0.732422 0.527344 0.742188 0.529297 0.730469 0.511719 0.724609 0.511719 0.716797 0.498047 0.710938 0.492188
1 0.566406 0.447266 0.550781 0.451172 0.550781 0.464844 0.562500 0.468750 0.562500 0.460938 0.570312 0.455078 0.570312 0.449219
1 0.544922 0.443359 0.525391 0.441406 0.525391 0.453125 0.494141 0.458984 0.490234 0.468750 0.462891 0.455078 0.394531 0.460938 0.382812 0.474609 0.390625 0.496094 0.355469 0.519531 0.353516 0.533203 0.414062 0.539062 0.423828 0.546875 0.443359 0.542969 0.474609 0.562500 0.513672 0.525391 0.503906 0.509766 0.519531 0.500000 0.498047 0.494141 0.496094 0.484375 0.544922 0.470703 0.539062 0.464844
1 0.582031 0.439453 0.578125 0.462891 0.583984 0.466797 0.583984 0.472656 0.578125 0.478516 0.578125 0.492188 0.583984 0.496094 0.597656 0.494141 0.609375 0.500000 0.630859 0.498047 0.636719 0.490234 0.667969 0.482422 0.673828 0.476562 0.673828 0.470703 0.656250 0.472656 0.636719 0.468750 0.632812 0.457031 0.632812 0.435547 0.609375 0.431641
1 0.447266 0.425781 0.445312 0.435547 0.449219 0.439453 0.476562 0.439453 0.478516 0.445312 0.482422 0.445312 0.484375 0.437500 0.474609 0.435547 0.474609 0.429688 0.482422 0.423828 0.482422 0.419922 0.476562 0.414062 0.464844 0.416016 0.462891 0.421875 0.453125 0.417969
1 0.449219 0.384766 0.449219 0.390625 0.455078 0.392578 0.468750 0.390625 0.468750 0.386719 0.464844 0.384766
1 0.400391 0.380859 0.400391 0.384766 0.404297 0.386719 0.416016 0.386719 0.419922 0.382812 0.419922 0.378906
1 0.564453 0.378906 0.560547 0.375000 0.554688 0.375000 0.554688 0.382812 0.542969 0.384766 0.539062 0.388672 0.539062 0.398438 0.533203 0.400391 0.529297 0.406250 0.521484 0.406250 0.519531 0.396484 0.513672 0.396484 0.515625 0.410156 0.503906 0.416016 0.503906 0.419922 0.541016 0.412109 0.548828 0.406250 0.552734 0.388672 0.564453 0.386719
1 0.367188 0.382812 0.363281 0.373047 0.341797 0.375000 0.332031 0.400391 0.306641 0.398438 0.300781 0.414062 0.267578 0.414062 0.265625 0.408203 0.279297 0.404297 0.285156 0.386719 0.304688 0.376953 0.250000 0.378906 0.248047 0.384766 0.236328 0.382812 0.240234 0.398438 0.257812 0.398438 0.259766 0.429688 0.287109 0.417969 0.318359 0.425781 0.326172 0.419922 0.347656 0.419922
