0 0.832426 0.535494 0.653108 0.358796 0.308964 0.532188 0.550308 0.730526 0.832426 0.535494
1 0.521484 0.673828 0.521484 0.681641 0.527344 0.687500 0.535156 0.689453 0.537109 0.703125 0.560547 0.708984 0.560547 0.703125 0.556641 0.699219 0.544922 0.695312 0.539062 0.689453 0.529297 0.671875
1 0.455078 0.640625 0.455078 0.652344 0.484375 0.677734 0.494141 0.677734 0.496094 0.687500 0.500000 0.687500 0.519531 0.707031 0.527344 0.708984 0.527344 0.703125 0.517578 0.697266 0.515625 0.691406 0.501953 0.687500 0.496094 0.681641 0.496094 0.671875 0.492188 0.667969 0.478516 0.662109 0.478516 0.652344 0.474609 0.646484 0.464844 0.640625
1 0.392578 0.582031 0.392578 0.587891 0.386719 0.589844 0.386719 0.593750 0.421875 0.625000 0.435547 0.625000 0.437500 0.615234 0.423828 0.605469 0.423828 0.591797 0.441406 0.603516 0.445312 0.611328 0.458984 0.609375 0.458984 0.601562 0.441406 0.589844 0.429688 0.574219 0.421875 0.574219 0.421875 0.580078 0.425781 0.582031 0.421875 0.589844 0.410156 0.583984
1 0.630859 0.572266 0.628906 0.589844 0.640625 0.593750 0.640625 0.603516 0.625000 0.603516 0.625000 0.609375 0.636719 0.609375 0.634766 0.621094 0.650391 0.628906 0.652344 0.619141 0.667969 0.607422 0.687500 0.603516 0.705078 0.611328 0.712891 0.603516 0.720703 0.609375 0.710938 0.595703 0.695312 0.593750 0.687500 0.582031 0.677734 0.583984 0.675781 0.570312 0.701172 0.566406 0.714844 0.589844 0.732422 0.583984 0.726562 0.574219 0.708984 0.574219 0.703125 0.562500 0.675781 0.562500 0.666016 0.552734 0.646484 0.558594 0.654297 0.578125
1 0.533203 0.554688 0.533203 0.558594 0.539062 0.562500 0.548828 0.560547 0.548828 0.556641 0.544922 0.556641 0.542969 0.552734
1 0.505859 0.552734 0.505859 0.556641 0.501953 0.558594 0.501953 0.566406 0.517578 0.568359 0.517578 0.552734
1 0.718750 0.548828 0.720703 0.564453 0.736328 0.564453 0.740234 0.580078 0.753906 0.582031 0.757812 0.572266 0.746094 0.564453 0.740234 0.552734 0.730469 0.546875
1 0.437500 0.558594 0.468750 0.601562 0.490234 0.582031 0.496094 0.607422 0.525391 0.607422 0.523438 0.623047 0.500000 0.621094 0.492188 0.652344 0.509766 0.660156 0.533203 0.632812 0.558594 0.640625 0.560547 0.615234 0.582031 0.626953 0.585938 0.660156 0.574219 0.646484 0.562500 0.656250 0.587891 0.685547 0.541016 0.666016 0.583984 0.699219 0.607422 0.664062 0.625000 0.673828 0.623047 0.623047 0.599609 0.611328 0.605469 0.591797 0.564453 0.583984 0.558594 0.599609 0.537109 0.576172 0.496094 0.585938 0.498047 0.568359 0.464844 0.542969 0.453125 0.550781 0.480469 0.582031
1 0.599609 0.541016 0.599609 0.548828 0.603516 0.548828 0.605469 0.554688 0.587891 0.558594 0.585938 0.566406 0.601562 0.572266 0.603516 0.576172 0.615234 0.574219 0.617188 0.578125 0.621094 0.578125 0.621094 0.574219 0.615234 0.574219 0.611328 0.566406 0.603516 0.560547 0.603516 0.556641 0.609375 0.554688 0.609375 0.542969
1 0.482422 0.541016 0.482422 0.546875 0.490234 0.546875 0.494141 0.554688 0.498047 0.554688 0.498047 0.539062
1 0.414062 0.531250 0.414062 0.544922 0.429688 0.544922 0.427734 0.537109 0.419922 0.531250
1 0.621094 0.527344 0.619141 0.535156 0.628906 0.546875 0.632812 0.546875 0.634766 0.550781 0.646484 0.550781 0.646484 0.544922 0.638672 0.542969 0.626953 0.527344
1 0.500000 0.517578 0.500000 0.527344 0.511719 0.527344 0.511719 0.539062 0.515625 0.539062 0.517578 0.527344 0.513672 0.525391 0.513672 0.521484
1 0.320312 0.525391 0.320312 0.529297 0.343750 0.537109 0.351562 0.560547 0.363281 0.560547 0.371094 0.574219 0.378906 0.574219 0.375000 0.562500 0.365234 0.558594 0.365234 0.537109 0.373047 0.537109 0.386719 0.550781 0.386719 0.558594 0.408203 0.560547 0.400391 0.550781 0.400391 0.539062 0.392578 0.531250 0.380859 0.531250 0.375000 0.521484 0.361328 0.525391 0.363281 0.537109 0.341797 0.531250 0.339844 0.525391 0.351562 0.519531 0.355469 0.509766
1 0.755859 0.523438 0.755859 0.527344 0.767578 0.533203 0.767578 0.544922 0.775391 0.544922 0.777344 0.548828 0.783203 0.548828 0.785156 0.541016 0.791016 0.537109 0.791016 0.533203 0.785156 0.531250 0.787109 0.521484 0.800781 0.529297 0.800781 0.537109 0.810547 0.546875 0.816406 0.546875 0.818359 0.541016 0.826172 0.539062 0.826172 0.533203 0.814453 0.529297 0.806641 0.513672 0.794922 0.503906 0.791016 0.503906 0.787109 0.511719 0.779297 0.511719 0.777344 0.517578 0.763672 0.517578 0.761719 0.523438
1 0.593750 0.500000 0.593750 0.503906 0.601562 0.509766 0.601562 0.517578 0.609375 0.515625 0.605469 0.500000
1 0.521484 0.503906 0.519531 0.509766 0.527344 0.513672 0.533203 0.523438 0.537109 0.523438 0.556641 0.546875 0.560547 0.546875 0.562500 0.539062 0.576172 0.537109 0.572266 0.523438 0.580078 0.521484 0.580078 0.509766 0.568359 0.507812 0.566406 0.500000 0.558594 0.494141 0.546875 0.492188 0.544922 0.503906 0.537109 0.509766 0.529297 0.507812 0.527344 0.503906
1 0.748047 0.494141 0.730469 0.494141 0.736328 0.507812 0.720703 0.507812 0.707031 0.496094 0.710938 0.490234 0.726562 0.490234 0.728516 0.478516 0.705078 0.474609 0.707031 0.490234 0.687500 0.486328 0.681641 0.496094 0.666016 0.500000 0.669922 0.519531 0.656250 0.521484 0.654297 0.511719 0.644531 0.517578 0.658203 0.539062 0.677734 0.548828 0.685547 0.539062 0.669922 0.527344 0.671875 0.517578 0.681641 0.517578 0.689453 0.533203 0.707031 0.541016 0.707031 0.521484 0.714844 0.519531 0.722656 0.527344 0.734375 0.509766 0.751953 0.505859
1 0.548828 0.453125 0.544922 0.464844 0.554688 0.472656 0.560547 0.472656 0.560547 0.453125
1 0.742188 0.451172 0.740234 0.462891 0.744141 0.464844 0.744141 0.468750 0.738281 0.470703 0.738281 0.474609 0.742188 0.478516 0.750000 0.478516 0.751953 0.484375 0.755859 0.484375 0.761719 0.490234 0.765625 0.503906 0.779297 0.500000 0.779297 0.486328 0.763672 0.470703 0.763672 0.466797 0.748047 0.455078 0.748047 0.451172
1 0.509766 0.437500 0.498047 0.447266 0.476562 0.447266 0.484375 0.480469 0.474609 0.482422 0.472656 0.507812 0.457031 0.505859 0.451172 0.488281 0.437500 0.486328 0.429688 0.488281 0.437500 0.494141 0.437500 0.503906 0.423828 0.503906 0.412109 0.492188 0.404297 0.494141 0.406250 0.503906 0.425781 0.511719 0.437500 0.531250 0.451172 0.533203 0.457031 0.523438 0.474609 0.521484 0.476562 0.507812 0.498047 0.503906 0.494141 0.492188 0.507812 0.488281 0.496094 0.455078 0.509766 0.453125
1 0.656250 0.427734 0.656250 0.433594 0.662109 0.433594 0.664062 0.439453 0.681641 0.439453 0.685547 0.445312 0.683594 0.458984 0.691406 0.466797 0.701172 0.466797 0.701172 0.462891 0.693359 0.455078 0.693359 0.445312 0.689453 0.445312 0.687500 0.439453 0.683594 0.439453 0.681641 0.435547 0.673828 0.435547 0.671875 0.425781
1 0.683594 0.416016 0.681641 0.421875 0.687500 0.427734 0.693359 0.427734 0.697266 0.435547 0.705078 0.435547 0.707031 0.447266 0.716797 0.457031 0.722656 0.457031 0.726562 0.451172 0.728516 0.437500 0.712891 0.435547 0.705078 0.419922 0.699219 0.416016
1 0.554688 0.414062 0.548828 0.421875 0.542969 0.423828 0.542969 0.427734 0.556641 0.443359 0.564453 0.443359 0.566406 0.449219 0.570312 0.449219 0.566406 0.439453 0.572266 0.437500 0.572266 0.425781 0.566406 0.423828 0.564453 0.427734 0.558594 0.427734 0.556641 0.421875 0.560547 0.419922 0.560547 0.414062
1 0.593750 0.386719 0.599609 0.412109 0.628906 0.435547 0.626953 0.441406 0.605469 0.443359 0.615234 0.462891 0.593750 0.460938 0.599609 0.484375 0.626953 0.503906 0.630859 0.496094 0.619141 0.478516 0.619141 0.468750 0.630859 0.464844 0.634766 0.480469 0.652344 0.484375 0.640625 0.466797 0.640625 0.457031 0.648438 0.449219 0.628906 0.437500 0.632812 0.419922 0.623047 0.417969 0.619141 0.408203
1 0.615234 0.384766 0.619141 0.396484 0.623047 0.396484 0.625000 0.402344 0.638672 0.412109 0.654297 0.406250 0.656250 0.400391 0.667969 0.404297 0.669922 0.396484 0.675781 0.392578 0.675781 0.388672 0.656250 0.373047 0.654297 0.365234 0.638672 0.365234 0.638672 0.373047 0.646484 0.380859 0.646484 0.396484 0.625000 0.396484 0.623047 0.388672
