0 0.842818 0.683032 0.638889 0.515741 0.400950 0.649711 0.578684 0.834826 0.842818 0.683032
1 0.541016 0.775391 0.548828 0.791016 0.546875 0.800781 0.560547 0.816406 0.570312 0.814453 0.574219 0.820312 0.580078 0.820312 0.580078 0.814453 0.583984 0.812500 0.583984 0.822266 0.578125 0.828125 0.572266 0.824219 0.572266 0.828125 0.576172 0.832031 0.589844 0.828125 0.589844 0.820312 0.595703 0.818359 0.597656 0.810547 0.585938 0.812500 0.580078 0.804688 0.597656 0.796875 0.593750 0.783203 0.572266 0.767578 0.568359 0.767578 0.564453 0.783203 0.556641 0.777344
1 0.517578 0.759766 0.519531 0.773438 0.527344 0.771484 0.529297 0.775391 0.535156 0.775391 0.529297 0.759766
1 0.730469 0.705078 0.746094 0.734375 0.757812 0.730469 0.757812 0.726562 0.751953 0.724609 0.751953 0.708984 0.757812 0.707031 0.757812 0.703125 0.751953 0.703125 0.750000 0.708984 0.746094 0.703125
1 0.802734 0.699219 0.792969 0.699219 0.792969 0.705078 0.783203 0.708984 0.783203 0.712891 0.789062 0.712891 0.792969 0.707031 0.802734 0.705078
1 0.451172 0.701172 0.460938 0.710938 0.464844 0.710938 0.468750 0.707031 0.482422 0.703125 0.486328 0.693359 0.474609 0.691406 0.472656 0.687500 0.460938 0.687500 0.455078 0.695312 0.451172 0.695312
1 0.433594 0.679688 0.433594 0.683594 0.439453 0.689453 0.457031 0.685547 0.457031 0.679688
1 0.837891 0.677734 0.830078 0.677734 0.828125 0.681641 0.824219 0.681641 0.822266 0.691406 0.835938 0.685547
1 0.525391 0.673828 0.521484 0.673828 0.517578 0.681641 0.501953 0.683594 0.498047 0.693359 0.523438 0.693359 0.521484 0.685547
1 0.498047 0.648438 0.486328 0.644531 0.484375 0.658203 0.482422 0.652344 0.474609 0.652344 0.472656 0.656250 0.451172 0.656250 0.447266 0.660156 0.439453 0.656250 0.443359 0.654297 0.443359 0.650391 0.431641 0.650391 0.425781 0.656250 0.425781 0.660156 0.431641 0.658203 0.449219 0.671875 0.453125 0.671875 0.458984 0.664062 0.466797 0.662109 0.474609 0.667969 0.486328 0.667969 0.496094 0.660156
1 0.751953 0.632812 0.753906 0.644531 0.746094 0.652344 0.769531 0.652344 0.775391 0.642578 0.787109 0.654297 0.775391 0.660156 0.769531 0.685547 0.761719 0.681641 0.755859 0.660156 0.744141 0.660156 0.744141 0.683594 0.738281 0.691406 0.746094 0.685547 0.773438 0.695312 0.818359 0.689453 0.787109 0.683594 0.800781 0.664062 0.810547 0.666016 0.814453 0.675781 0.828125 0.673828 0.826172 0.667969 0.775391 0.626953
1 0.746094 0.621094 0.742188 0.621094 0.742188 0.628906 0.736328 0.632812 0.736328 0.644531 0.742188 0.644531 0.742188 0.630859 0.748047 0.628906
1 0.654297 0.591797 0.656250 0.607422 0.669922 0.607422 0.673828 0.601562 0.677734 0.601562 0.677734 0.595703 0.669922 0.591797
1 0.732422 0.591797 0.687500 0.623047 0.642578 0.589844 0.611328 0.603516 0.648438 0.615234 0.664062 0.679688 0.599609 0.658203 0.625000 0.625000 0.507812 0.640625 0.525391 0.664062 0.585938 0.654297 0.585938 0.683594 0.544922 0.667969 0.533203 0.691406 0.564453 0.689453 0.529297 0.707031 0.541016 0.728516 0.488281 0.740234 0.582031 0.759766 0.595703 0.710938 0.644531 0.707031 0.585938 0.765625 0.642578 0.794922 0.738281 0.742188 0.664062 0.681641 0.691406 0.671875 0.675781 0.689453 0.705078 0.708984 0.708984 0.675781 0.730469 0.689453 0.695312 0.650391 0.720703 0.666016 0.701172 0.615234
1 0.613281 0.564453 0.605469 0.564453 0.605469 0.568359 0.595703 0.580078 0.593750 0.591797 0.601562 0.591797 0.605469 0.582031 0.611328 0.582031 0.615234 0.576172 0.619141 0.576172
1 0.623047 0.570312 0.623047 0.576172 0.626953 0.578125 0.634766 0.576172 0.636719 0.572266 0.650391 0.578125 0.646484 0.562500 0.630859 0.560547 0.632812 0.568359 0.628906 0.572266
1 0.646484 0.546875 0.646484 0.556641 0.650391 0.556641 0.654297 0.550781 0.656250 0.554688 0.664062 0.556641 0.664062 0.562500 0.677734 0.564453 0.681641 0.568359 0.681641 0.595703 0.703125 0.599609 0.701172 0.591797 0.691406 0.589844 0.695312 0.585938 0.703125 0.587891 0.707031 0.580078 0.710938 0.587891 0.716797 0.585938 0.716797 0.580078 0.701172 0.566406 0.685547 0.566406 0.683594 0.564453 0.689453 0.562500 0.689453 0.556641 0.675781 0.550781 0.671875 0.542969 0.658203 0.539062 0.652344 0.546875
1 0.630859 0.519531 0.630859 0.523438 0.638672 0.529297 0.652344 0.531250 0.652344 0.527344 0.644531 0.519531
