0 0.393519 0.244709 0.253863 0.433846 0.531573 0.526404 0.657204 0.327240 0.393519 0.244709
1 0.435547 0.447266 0.435547 0.451172 0.443359 0.457031 0.464844 0.455078 0.464844 0.451172 0.458984 0.447266
1 0.296875 0.445312 0.296875 0.449219 0.318359 0.455078 0.318359 0.451172 0.310547 0.445312
1 0.458984 0.419922 0.455078 0.419922 0.451172 0.425781 0.443359 0.425781 0.437500 0.429688 0.437500 0.433594 0.441406 0.435547 0.437500 0.443359 0.447266 0.445312 0.451172 0.439453 0.466797 0.443359 0.466797 0.435547 0.455078 0.431641
1 0.328125 0.423828 0.326172 0.435547 0.333984 0.441406 0.345703 0.441406 0.341797 0.433594 0.347656 0.429688 0.351562 0.435547 0.359375 0.433594 0.378906 0.447266 0.392578 0.447266 0.392578 0.443359 0.386719 0.441406 0.394531 0.439453 0.394531 0.433594 0.390625 0.429688 0.382812 0.429688 0.351562 0.414062 0.333984 0.417969
1 0.423828 0.408203 0.410156 0.408203 0.408203 0.416016 0.400391 0.414062 0.400391 0.421875 0.396484 0.423828 0.396484 0.427734 0.412109 0.429688 0.417969 0.414062 0.423828 0.412109
1 0.523438 0.375000 0.531250 0.388672 0.537109 0.388672 0.535156 0.376953
1 0.515625 0.359375 0.517578 0.369141 0.529297 0.371094 0.527344 0.363281
1 0.496094 0.343750 0.490234 0.343750 0.480469 0.355469 0.474609 0.357422 0.468750 0.367188 0.468750 0.373047 0.482422 0.375000 0.484375 0.369141 0.490234 0.371094 0.494141 0.367188 0.498047 0.355469
1 0.468750 0.332031 0.468750 0.335938 0.478516 0.341797 0.496094 0.337891 0.492188 0.324219 0.486328 0.320312 0.478516 0.320312
1 0.457031 0.318359 0.449219 0.318359 0.449219 0.322266 0.439453 0.330078 0.437500 0.351562 0.447266 0.353516 0.449219 0.357422 0.453125 0.357422 0.455078 0.351562 0.453125 0.343750 0.449219 0.343750 0.447266 0.337891 0.460938 0.335938
1 0.621094 0.316406 0.628906 0.330078 0.632812 0.330078 0.632812 0.320312
1 0.607422 0.310547 0.552734 0.310547 0.531250 0.341797 0.566406 0.357422 0.580078 0.339844 0.595703 0.361328 0.574219 0.365234 0.580078 0.392578 0.507812 0.396484 0.505859 0.363281 0.500000 0.382812 0.447266 0.378906 0.462891 0.429688 0.511719 0.414062 0.474609 0.431641 0.466797 0.462891 0.492188 0.464844 0.457031 0.468750 0.449219 0.490234 0.505859 0.474609 0.511719 0.498047 0.472656 0.486328 0.466797 0.503906 0.533203 0.523438 0.619141 0.386719 0.611328 0.369141 0.640625 0.351562 0.615234 0.349609 0.611328 0.328125 0.570312 0.332031
