0 0.350000 0.357408 0.379968 0.441457 0.528080 0.422946 0.477474 0.334091 0.350000 0.357408
1 0.404297 0.431641 0.404297 0.435547 0.410156 0.437500 0.410156 0.433594
1 0.468750 0.423828 0.468750 0.429688 0.474609 0.429688 0.474609 0.425781
1 0.419922 0.423828 0.419922 0.435547 0.435547 0.433594 0.435547 0.429688 0.431641 0.429688 0.429688 0.425781
1 0.437500 0.419922 0.437500 0.425781 0.441406 0.427734 0.439453 0.433594 0.445312 0.433594 0.443359 0.419922
1 0.509766 0.419922 0.501953 0.412109 0.501953 0.408203 0.488281 0.410156 0.488281 0.417969 0.492188 0.421875 0.478516 0.423828 0.478516 0.427734 0.490234 0.427734 0.492188 0.421875 0.494141 0.425781 0.509766 0.423828
1 0.412109 0.400391 0.412109 0.408203 0.416016 0.408203 0.417969 0.402344
1 0.423828 0.386719 0.423828 0.390625 0.429688 0.392578 0.427734 0.402344 0.437500 0.404297 0.439453 0.398438 0.445312 0.398438 0.451172 0.392578 0.460938 0.390625 0.462891 0.384766 0.464844 0.390625 0.478516 0.392578 0.482422 0.398438 0.494141 0.396484 0.494141 0.386719 0.484375 0.380859 0.478516 0.380859 0.476562 0.388672 0.474609 0.382812 0.464844 0.386719 0.462891 0.380859 0.457031 0.376953 0.458984 0.369141 0.455078 0.369141 0.453125 0.375000 0.445312 0.376953 0.439453 0.384766 0.435547 0.380859 0.427734 0.380859 0.427734 0.384766
1 0.378906 0.357422 0.376953 0.363281 0.361328 0.369141 0.357422 0.376953 0.367188 0.408203 0.380859 0.414062 0.382812 0.402344 0.378906 0.396484 0.386719 0.390625 0.392578 0.404297 0.386719 0.406250 0.386719 0.421875 0.396484 0.414062 0.410156 0.423828 0.404297 0.410156 0.396484 0.404297 0.404297 0.400391 0.398438 0.382812 0.412109 0.376953 0.417969 0.380859 0.416016 0.373047 0.382812 0.378906 0.376953 0.373047 0.382812 0.361328
1 0.382812 0.349609 0.382812 0.353516 0.388672 0.353516 0.388672 0.349609
1 0.439453 0.341797 0.435547 0.341797 0.433594 0.351562 0.427734 0.345703 0.414062 0.343750 0.392578 0.347656 0.392578 0.353516 0.433594 0.357422 0.435547 0.353516 0.441406 0.353516
1 0.466797 0.335938 0.449219 0.337891 0.449219 0.341797 0.455078 0.347656 0.451172 0.349609 0.453125 0.357422 0.462891 0.357422 0.462891 0.353516 0.466797 0.351562
